-2.858763398135945e-18	-7.936313327833023e-19	2.8366331705801776e-18	6.400288648436087e-18	9.622634479551115e-18	1.2681637568659191e-17	1.5916873793285914e-17	1.9726128429903528e-17	2.3685764172827104e-17	2.8051327911081867e-17	3.2964249677164593e-17	3.814674051191097e-17	4.343604897444756e-17	4.8796879650260804e-17	5.418581246208585e-17	5.957634394284171e-17	6.521783419296548e-17	7.117173553328126e-17	7.730368191696576e-17	8.370961976107148e-17	9.039910242456752e-17	9.687384422482922e-17	1.0322302361055184e-16	1.0899345015083037e-16	1.1392843728043641e-16	1.1775941079970136e-16	1.2088391331286795e-16	1.2533301828968246e-16	1.4079759697777633e-16	2.0840583425734224e-16	4.845130150560278e-16	1.502404911316363e-15	4.881232774778347e-15	1.498118308655159e-14	4.214568284915488e-14	1.0778436370576437e-13	2.4997630215599037e-13	5.253191749434927e-13	9.999457716138455e-13	1.7237506898883485e-12	2.6906663873203146e-12	3.802663297405875e-12	4.865429676264086e-12	5.635439432336823e-12	5.908531625636901e-12	5.607274431395751e-12	4.816400748467527e-12	3.7443164194382996e-12	2.6344156488890095e-12	1.6774226302804912e-12	9.6657036112123e-13	5.0401677316262e-13	2.378295447963994e-13	1.0155114832618384e-13	3.923627527766196e-14	1.3716464518695546e-14	4.337502519567223e-15	1.239390782812338e-15	3.181520931867959e-16	7.081633308641136e-17	1.0630772715942767e-17	-1.7962675701042647e-18	-2.855357253825965e-18	-1.511521231677539e-18	-9.382443211559508e-19
-1.0618280884645284e-18	5.0974464262874025e-18	1.2371434448960659e-17	1.9104837239534245e-17	2.5945814358507054e-17	3.3371303552307014e-17	4.1516721373676663e-17	5.035774684816891e-17	5.970315121688069e-17	6.970090483649903e-17	8.005846474315554e-17	9.027214973408085e-17	9.995207905739681e-17	1.0917936159067476e-16	1.1855019951648488e-16	1.2872153127550217e-16	1.4009782029906155e-16	1.527986887076399e-16	1.6688285043181607e-16	1.8185214217305935e-16	1.9709411489029286e-16	2.1193128857285338e-16	2.2560161156152533e-16	2.3749011820677033e-16	2.472310606643132e-16	2.556180338661329e-16	2.6569765564847737e-16	2.93196110968249e-16	4.0996765579654023e-16	9.19869435549569e-16	2.973089417601741e-15	1.0469174016876294e-14	3.519061058799277e-14	1.0872409943081783e-13	3.0569380469933837e-13	7.799771430526054e-13	1.8042394745922229e-12	3.782146477215491e-12	7.1829836248003084e-12	1.2357038901220607e-11	1.925320569889456e-11	2.7165440059343077e-11	3.470633512904693e-11	4.014562752323844e-11	4.204064269371114e-11	3.985386105847173e-11	3.419900467756975e-11	2.6562797881149455e-11	1.8673665422739222e-11	1.1881229463995147e-11	6.841513131214721e-12	3.5652247860515267e-12	1.6813286594410484e-12	7.175270503077214e-13	2.770991783770501e-13	9.683623470421033e-14	3.062267418181856e-14	8.762547430867762e-15	2.267702470137239e-15	5.272910031207341e-16	1.0344438746521966e-16	1.0242514509598324e-17	-4.820808524745855e-18	-3.4231384896940785e-18	-1.310979454418961e-18
8.121061421899715e-19	9.259286028371258e-18	1.9014335700094223e-17	2.9388052698749623e-17	4.0882598456488645e-17	5.362022623245662e-17	6.69398682428819e-17	8.099827282497487e-17	9.577171235872921e-17	1.1081625591858349e-16	1.2462053148721414e-16	1.3653035083197122e-16	1.4796758446498118e-16	1.6034928548250962e-16	1.7496023093684238e-16	1.932554095542367e-16	2.1446379072011581e-16	2.374899119087061e-16	2.622327865389842e-16	2.8692886443042455e-16	3.0964226843796856e-16	3.2942649634547337e-16	3.4564255403835855e-16	3.5864116587482607e-16	3.69700010840876e-16	3.8415865131774073e-16	4.230836729491476e-16	5.903463509925705e-16	1.3684158347951845e-15	4.782897275907656e-15	1.8468578172197405e-14	6.818934929891116e-14	2.3147216554408807e-13	7.153559321985746e-13	2.007251250573173e-12	5.108827965271674e-12	1.178903846570255e-11	2.465709130390302e-11	4.673165057730276e-11	8.024224419254305e-11	1.248092205964504e-10	1.7582490412033284e-10	2.2431095102315962e-10	2.591252847360789e-10	2.710296869341618e-10	2.566463714074329e-10	2.200048762533543e-10	1.7071821872503076e-10	1.19909224895655e-10	7.623039643123938e-11	4.3861847164893664e-11	2.284080730045322e-11	1.0764319037675568e-11	4.5909135116381754e-12	1.771896357987651e-12	6.188663161158327e-13	1.9560260659139778e-13	5.5948916240751693e-14	1.4486290485308758e-14	3.3972462019294505e-15	7.169594917911706e-16	1.261207899580788e-16	9.625432260761064e-18	-4.22710597187673e-18	-2.344771774970964e-18
1.9034608069167143e-18	1.2141699765352365e-17	2.4617030210518674e-17	3.9115845074610856e-17	5.519395432039237e-17	7.227669309678321e-17	9.017548765993172e-17	1.0902247772424554e-16	1.2786149480234915e-16	1.4405946821499985e-16	1.570933021245126e-16	1.697307241770132e-16	1.8598506132762615e-16	2.0729837816929243e-16	2.3398055843781895e-16	2.6410050766059063e-16	2.9632950756064296e-16	3.2928715329683125e-16	3.603178245448578e-16	3.871738355385811e-16	4.084606233727547e-16	4.242556908988223e-16	4.359913890814124e-16	4.468007697613869e-16	4.63544964444587e-16	5.107229610156423e-16	7.137361572544552e-16	1.7090290058228725e-15	6.446317790922206e-15	2.7225887807593452e-14	1.101468486622991e-13	4.09946137396584e-13	1.3900727461606262e-12	4.282886835461345e-12	1.1978083492831912e-11	3.0391633642383304e-11	6.993131206781354e-11	1.4588446541134033e-10	2.7583944218593203e-10	4.726282368729928e-10	7.336985398299545e-10	1.0317620901628224e-9	1.314145727987994e-9	1.5158466682504956e-9	1.5833141671440817e-9	1.4973970731841656e-9	1.2821175797616964e-9	9.93818315521315e-10	6.973414644558445e-10	4.429123441530639e-10	2.5462515679591184e-10	1.3248787745473562e-10	6.239140105186074e-11	2.6590819448439005e-11	1.0256136607111557e-11	3.579892535421958e-12	1.1307923801676287e-12	3.2323781557122513e-13	8.361985717951554e-14	1.9584057249325067e-14	4.155799503274153e-15	7.931982187569593e-16	1.2654075337153678e-16	1.193181185991174e-17	-7.566094536473843e-19
2.8902927075076796e-18	1.483997730625384e-17	3.017122916946404e-17	4.8154054714727935e-17	6.80193042166724e-17	8.891290763602721e-17	1.1088421925580729e-16	1.3264779339758487e-16	1.505454251248927e-16	1.6459318261671192e-16	1.7913437325093108e-16	2.0013643470913676e-16	2.294002407618101e-16	2.6509951801288225e-16	3.0377257504985944e-16	3.431442937219988e-16	3.8097285544894916e-16	4.142531345701345e-16	4.400292806530471e-16	4.580597929398283e-16	4.693762048479009e-16	4.771659582150517e-16	4.88483346413801e-16	5.102113426428483e-16	5.659064186636048e-16	7.826385664603334e-16	1.865722263761798e-15	7.403333738505878e-15	3.3859519772675397e-14	1.493502482338208e-13	6.073898158081763e-13	2.2538140922030016e-12	7.608279251958509e-12	2.3337778331664268e-11	6.500351192495061e-11	1.6432309086088623e-10	3.7684961835971916e-10	7.837859017249729e-10	1.4779535903174991e-9	2.5260957358766885e-9	3.912646869993373e-9	5.4908765795505175e-9	6.9805807374830005e-9	8.038180598290838e-9	8.38272825875414e-9	7.916370556751362e-9	6.769199999514962e-9	5.240605823335617e-9	3.673037589345701e-9	2.3304493024028473e-9	1.3384386051404855e-9	6.957911295411802e-10	3.273865119258776e-10	1.3942041694036203e-10	5.373535087246082e-11	1.874340059609708e-11	5.916706241846247e-12	1.6902354254158774e-12	4.3696534242579117e-13	1.022343283188993e-13	2.1654198282366636e-14	4.154371397605234e-15	7.161763347597624e-16	1.050132939068458e-16	1.1855830993653087e-17
3.938560464745679e-18	1.76219440448317e-17	3.5344536271353794e-17	5.622171114664669e-17	7.928509859798409e-17	1.0373929410594523e-16	1.2775164012712006e-16	1.4828971837400103e-16	1.6322021793413996e-16	1.7982422533786102e-16	2.0550534855283552e-16	2.423187003877225e-16	2.860204358477296e-16	3.3183151280474435e-16	3.7537816553148826e-16	4.1487621170302e-16	4.47886210742181e-16	4.714496160531794e-16	4.851351400511151e-16	4.914209097013427e-16	4.979466645714253e-16	5.137159404567462e-16	5.455329983346759e-16	6.120342636585864e-16	8.21459023674719e-16	1.843071514569705e-15	7.375534982356817e-15	3.593011953417139e-14	1.714640787142417e-13	7.581843500959512e-13	3.067140062382077e-12	1.130981479967085e-11	3.79535560222389e-11	1.157987147050117e-10	3.2099630575637613e-10	8.079699924244579e-10	1.845806417312694e-9	3.825619169312864e-9	7.191114162757532e-9	1.2255870523242782e-8	1.893377673759514e-8	2.650825773667733e-8	3.362743124790835e-8	3.864583970489896e-8	4.022954503937784e-8	3.792845886665631e-8	3.2382768418781935e-8	2.503503642839699e-8	1.7523860657427938e-8	1.1105163249268647e-8	6.370945675073908e-9	3.3085700283019903e-9	1.5552885955661993e-9	6.617521457509823e-10	2.548445654551078e-10	8.882499256426884e-11	2.8019535670028484e-11	7.999098258063267e-12	2.0666507571655538e-12	4.832091382894483e-13	1.0224844754705714e-13	1.9584775307391247e-14	3.3935267383179856e-15	5.267643729511783e-16	7.156883334812574e-17
4.994182894898169e-18	2.0302744512481095e-17	4.0115888867583354e-17	6.341958026110072e-17	8.939384748849883e-17	1.156189560380923e-16	1.3878260837060877e-16	1.5642726357432966e-16	1.7468618184844845e-16	2.0430172990146863e-16	2.467565219518185e-16	2.961175500237233e-16	3.45227757634144e-16	3.9069563028042814e-16	4.3169099219081705e-16	4.635597689796841e-16	4.842673313866357e-16	4.938833302587245e-16	4.986485572399698e-16	5.088516160739038e-16	5.338915846246295e-16	5.813704229995746e-16	6.590913920591519e-16	8.519509003591526e-16	1.7200705692235698e-15	6.567081087603094e-15	3.315579121985323e-14	1.6890337880225337e-13	8.054449328436312e-13	3.5319300047198e-12	1.4163988602433447e-11	5.1817470560269625e-11	1.7267459914426804e-10	5.23572710751758e-10	1.4433255497794913e-9	3.6149579671761865e-9	8.221613255021293e-9	1.697175807802971e-8	3.178656340470677e-8	5.399608391121204e-8	8.316826451038801e-8	1.1612371984607028e-7	1.469458479284301e-7	1.684937472624673e-7	1.750360610288672e-7	1.6471172373941664e-7	1.4038422819896246e-7	1.0835755162758832e-7	7.573613783046386e-8	4.793043679952049e-8	2.7463098466784955e-8	1.4245812450548664e-8	6.689560643355779e-9	2.8435241062016384e-9	1.09406774901199e-9	3.8101406991286014e-10	1.2009669255037143e-10	3.4261005032312756e-11	8.845780720600513e-12	2.066952449425238e-12	4.370980951871765e-13	8.365365923774581e-14	1.448754437327506e-14	2.2662395948738868e-15	3.185427989327345e-16
6.050999387404906e-18	2.2865104282235997e-17	4.469017889969697e-17	7.046399800695049e-17	9.815705644858206e-17	1.2388073664230715e-16	1.4456266301403364e-16	1.6528345519061994e-16	1.9589385687753797e-16	2.413060640900303e-16	2.9385377774485976e-16	3.454430605725183e-16	3.930981157504445e-16	4.336925481289844e-16	4.661002643766514e-16	4.855935488325592e-16	4.9457576169478415e-16	5.00970940071997e-16	5.181421035527328e-16	5.557164959566121e-16	6.187992257458936e-16	7.094136971985544e-16	8.93693995485588e-16	1.6199352458942284e-15	5.552174232496405e-15	2.7621302731836115e-14	1.4614930204600435e-13	7.39993809984028e-13	3.482923384894465e-12	1.5086349527945007e-11	5.985773120800882e-11	2.169626073236277e-10	7.171486308791605e-10	2.1589340322080193e-9	5.9136000569694706e-9	1.4726833737103246e-8	3.332230663090145e-8	6.846960272485626e-8	1.2770320035664963e-7	2.1611223144500233e-7	3.317309159334951e-7	4.6173860436630323e-7	5.826406572806363e-7	6.663527155998725e-7	6.905935089173001e-7	6.48458233978687e-7	5.515917353144183e-7	4.249837994104554e-7	2.965481476019133e-7	1.8738786392499216e-7	1.0721892557685144e-7	5.5545652597039565e-8	2.6052309926472663e-8	1.1061968250303305e-8	4.2519115260091985e-9	1.4793812583657748e-9	4.659089367026538e-10	1.328098267996448e-10	3.426517078001287e-11	8.001228211145803e-12	1.6909559234028683e-12	3.2342556599625574e-13	5.5984073403889264e-14	8.76598364876533e-15	1.2396667816978904e-15
7.089771692329308e-18	2.5332729588109795e-17	4.917977048527134e-17	7.685946126519478e-17	1.0483184638254257e-16	1.2913161069084207e-16	1.5163221542291536e-16	1.8173779524956527e-16	2.261146066227287e-16	2.804171570040855e-16	3.34476938624786e-16	3.836916683128449e-16	4.263785232522786e-16	4.594107641047592e-16	4.802346579811548e-16	4.910844139041555e-16	5.006888088026459e-16	5.255313316767578e-16	5.757430008264596e-16	6.516048632764818e-16	7.58722150456323e-16	9.63993199743754e-16	1.6638322398995337e-15	4.976160978828287e-15	2.247069319049533e-14	1.1645555329634425e-13	6.053475956079084e-13	2.9990600962768003e-12	1.3861130834375608e-11	5.915165378580715e-11	2.3177975927440636e-10	8.311569557796886e-10	2.721729770140121e-9	8.126282100368441e-9	2.2096286367600103e-8	5.466757662229367e-8	1.2297036376599994e-7	2.5134064549500604e-7	4.6654117991446183e-7	7.861197564955027e-7	1.2019662496398834e-6	1.6670792860624106e-6	2.0967896733082058e-6	2.390991930107741e-6	2.4713227522287822e-6	2.3148563401369865e-6	1.964658175055017e-6	1.5106096194955003e-6	1.0521104627097955e-6	6.636858237436982e-7	3.791490818612883e-7	1.961386123320394e-7	9.187254822199359e-8	3.896242877992892e-8	1.495944582532312e-8	5.199589390979979e-9	1.6360039168599352e-9	4.659524624646608e-10	1.20122231100375e-10	2.802943433804498e-11	5.91972429346426e-12	1.1315532443265895e-12	1.9576030437434503e-13	3.064714797368581e-14	4.339797781442573e-15
8.084249581732418e-18	2.791543877920331e-17	5.3519931419700126e-17	8.237410212025058e-17	1.0987824358057697e-16	1.3521924351143894e-16	1.6484069965094594e-16	2.0612297981770304e-16	2.5770029904824895e-16	3.1316315202484336e-16	3.6466744340046213e-16	4.1044747379203505e-16	4.463443707055051e-16	4.69007728902228e-16	4.822119832052473e-16	4.974145938593004e-16	5.309483471067823e-16	5.924204062931459e-16	6.825331534282374e-16	8.160368472392798e-16	1.0954965035515674e-15	1.9724505989402997e-15	5.37608552649752e-15	2.0459786396298172e-14	9.403765979094452e-14	4.67562001237793e-13	2.3375993605687167e-12	1.1247819809951868e-11	5.085049357164385e-11	2.1323746341397458e-10	8.235399744365276e-10	2.916969536096659e-9	9.450030168640665e-9	2.794961184017782e-8	7.53629830921308e-8	1.8505990891673786e-7	4.134868509572548e-7	8.400299965384341e-7	1.550778458933424e-6	2.6001807858218225e-6	3.95789576138723e-6	5.467214157138649e-6	6.851160086176521e-6	7.786314689283874e-6	8.023402661340552e-6	7.494563201806254e-6	6.34466920237834e-6	4.867101362273688e-6	3.3826971942380307e-6	2.1297440887831175e-6	1.2145356501803989e-6	6.27284539487717e-7	2.933921878943313e-7	1.242581766405783e-7	4.764977140905759e-8	1.6543473006461058e-8	5.1999172720273006e-9	1.4796085170758066e-9	3.811160210557179e-10	8.886060899837145e-11	1.8753701832686915e-11	3.582423316872872e-12	6.193955116890449e-13	9.692554029126652e-14	1.3725498525788404e-14
9.19195682741973e-18	3.0358726236012384e-17	5.731552419819591e-17	8.661571749261901e-17	1.1469381841239167e-16	1.441661982042314e-16	1.8166604028524781e-16	2.3096424702998867e-16	2.8516951491976594e-16	3.3891487649162477e-16	3.874684068409041e-16	4.2698022388390036e-16	4.537798280790516e-16	4.706088987741905e-16	4.901908275613521e-16	5.301085354275455e-16	6.010250308651828e-16	7.101794936345979e-16	8.919107363387218e-16	1.3246064305639445e-15	2.6599653467940328e-15	7.161550964607629e-15	2.3436207126527468e-14	8.878654473745965e-14	3.8089610966675136e-13	1.770909189219919e-12	8.423757172163588e-12	3.9124772870883794e-11	1.7232674794716482e-10	7.08069754048755e-10	2.6893496468935703e-9	9.39175134418565e-9	3.005509161915203e-8	8.793752561068094e-8	2.3485392160820703e-7	5.717927774298348e-7	1.2678204192298513e-6	2.557964782395319e-6	4.69296310768717e-6	7.82454072550011e-6	1.1849753968155402e-5	1.6293254682784873e-5	2.0332385274582367e-5	2.302001055585428e-5	2.3639149980515866e-5	2.2011771876646512e-5	1.8581286224775283e-5	1.4216949249723697e-5	9.857553768056298e-6	6.192913032811152e-6	3.524703361664628e-6	1.8171776846637292e-6	8.485372484638426e-7	3.5883921397047504e-7	1.374187001455363e-7	4.7651261195050963e-8	1.4960805540409212e-8	4.25265620985767e-9	1.0943744646380725e-9	2.549472438757699e-10	5.376431820447965e-11	1.0263148731352138e-11	1.7733551931548652e-12	2.773481463943058e-13	3.9260441763053287e-14
1.0328879266079223e-17	3.28251967341293e-17	6.103178632387097e-17	9.114210544062736e-17	1.2116137165214377e-16	1.5577139457040093e-16	2.0021431992672216e-16	2.525115289668755e-16	3.0732084393378623e-16	3.594724248661754e-16	4.035632133763454e-16	4.351916861424574e-16	4.559573500272246e-16	4.787260698091505e-16	5.225191061807234e-16	6.024818340981682e-16	7.3368757745347105e-16	9.893403935357323e-16	1.6726714924753686e-15	3.81421777535407e-15	1.0643613055879012e-14	3.252768311016303e-14	1.0576761403333725e-13	3.7413374507327596e-13	1.4711397779902325e-12	6.329266477967634e-12	2.8405350557927642e-11	1.2656498788986962e-10	5.407419985777302e-10	2.1700982923179435e-9	8.085823181534305e-9	2.7784121102282165e-8	8.767845125853449e-8	2.5340480870939285e-7	6.694347144414061e-7	1.6140870526411988e-6	3.547810927403485e-6	7.1021896329620296e-6	1.2938229025035917e-5	2.1434509676706596e-5	3.227421742985859e-5	4.4145122556782206e-5	5.482822909316937e-5	6.180926873288233e-5	6.322436951220254e-5	5.8663488700036836e-5	4.936165304379284e-5	3.765727678435358e-5	2.604089394637496e-5	1.6320406149432364e-5	9.268367369792139e-6	4.7688050779144175e-6	2.2227655384252544e-6	9.38437284538938e-7	3.5883890011767986e-7	1.2426143827227107e-7	3.896547936890406e-8	1.1063650407887602e-8	2.844218836038026e-9	6.619849460481163e-10	1.3948609081228633e-10	2.6606707197164672e-11	4.594216067506872e-12	7.180885920504125e-13	1.0159947710329392e-13
1.1286994981455536e-17	3.5208699629683216e-17	6.462512009056187e-17	9.61416084803052e-17	1.2958218416944775e-16	1.6923382348119968e-16	2.1774846596204306e-16	2.7196464601608666e-16	3.2696184309778776e-16	3.756798756612687e-16	4.1321324460871875e-16	4.3930520190725954e-16	4.647552931337281e-16	5.101136746744143e-16	5.961094999070094e-16	7.54615794122779e-16	1.108868065054002e-15	2.144914074843142e-15	5.468515978499686e-15	1.5984700077174756e-14	4.831389462707308e-14	1.4684956085721956e-13	4.557004281785096e-13	1.497463413000929e-12	5.3952515608753516e-12	2.137756876061536e-11	8.988994803955328e-11	3.818500883856215e-10	1.5750496199708425e-9	6.151969656823385e-9	2.2425251142478543e-8	7.564972911727146e-8	2.3496436291754966e-7	6.696872142308268e-7	1.7474384683454e-6	4.167105241886811e-6	9.069374291383016e-6	1.7994938565459294e-5	3.252030870206348e-5	5.348755540433181e-5	8.001207324296434e-5	0.00010879600387734227	0.00013440246435590406	0.0001507813669924695	0.00015355591615568042	0.00014191093182528672	0.00011897743238716701	9.04683363659622e-5	6.237472646907212e-5	3.898601637613792e-5	2.2085911941721136e-5	1.1338484627723987e-5	5.274273460281442e-6	2.222695086554617e-6	8.485053335750909e-7	2.933864153759768e-7	9.187436162981153e-8	2.6054341265376586e-8	6.690578815263474e-9	1.5556610917399151e-9	3.2749675171045814e-10	6.241883046928374e-11	1.0770104112757431e-11	1.6823016194785338e-12	2.3788787532088044e-13
1.2331662816211747e-17	3.742759665903098e-17	6.806419922526885e-17	1.0124681336445154e-16	1.3783031011532647e-16	1.8151232527602617e-16	2.333261815888614e-16	2.8905658899267056e-16	3.425130113779033e-16	3.8641991055898106e-16	4.1831197845129715e-16	4.466616824783707e-16	4.925143850243664e-16	5.822900015230472e-16	7.67231352021873e-16	1.2346061310696611e-15	2.6959387246162507e-15	7.521320294286198e-15	2.29911897884849e-14	7.046793252926847e-14	2.1123699254333614e-13	6.220246496252143e-13	1.8380482499171596e-12	5.645814032839553e-12	1.8735374718247382e-11	6.830286476777463e-11	2.6765793738326625e-10	1.0775369075078163e-9	4.269736260345125e-9	1.6168924728404844e-8	5.7486811138425115e-8	1.8991569023570908e-7	5.793525140150219e-7	1.6254341033285879e-6	4.182509023749418e-6	9.850546647294963e-6	2.120089069788018e-5	4.1645329914609485e-5	7.458305939297132e-5	0.00012167190034214392	0.00018067025477131268	0.00024403042662339555	0.00029964956333162465	0.00033433187073510256	0.00033880088574792373	0.0003117054749330687	0.0002602718893857453	0.00019717853408803126	0.00013549485654047795	8.443275407587953e-5	4.7701231936625216e-5	2.4428358992725934e-5	1.1337818835152273e-5	4.768344419429515e-6	1.816971000632533e-6	6.272148031892883e-7	1.9612084785777882e-7	5.554265057051878e-8	1.4245755634383485e-8	3.308758672821762e-9	6.958788853490833e-10	1.3251429997164044e-10	2.2846903613451692e-11	3.566220052948705e-12	5.039754346313634e-13
1.3496241868925957e-17	3.994047083189997e-17	7.207454694382095e-17	1.0736693432987707e-16	1.4718898611707005e-16	1.9476255740141932e-16	2.4907036424614564e-16	3.049474908471721e-16	3.5515520982259683e-16	3.94029227907995e-16	4.2593418651740786e-16	4.698484565233257e-16	5.598891842382118e-16	7.65279941253681e-16	1.337991670364427e-15	3.230362823275855e-15	9.688981508722886e-15	3.0903036815893555e-14	9.709893823332071e-14	2.9418499609087465e-13	8.593466259118337e-13	2.4441521732036972e-12	6.901917316580109e-12	1.9963492743322423e-11	6.144592730263311e-11	2.0649635237462136e-10	7.515485420425507e-10	2.851897087326291e-9	1.0801335381718347e-8	3.949434869797056e-8	1.3650777853568667e-7	4.404502977675461e-7	1.3166428697564627e-6	3.6289609149310626e-6	9.192201949243279e-6	2.1347570179906633e-5	4.53709565294676e-5	8.812019884261288e-5	0.00015621391003884665	0.00025250592996719004	0.0003718395834535157	0.000498479277313223	0.0006079431031670957	0.0006741471855951549	0.0006793655729266562	0.0006218929624232356	0.0005169149919240182	0.0003899968073306457	0.00026699620223202136	0.00016581717097981574	9.339539640718396e-5	4.76974942637294e-5	2.2082715893369697e-5	9.266547031523333e-6	3.5238842532821443e-6	1.21422861821474e-6	3.7905103883828273e-7	1.0719198109330018e-7	2.745670267553414e-8	6.369636119457644e-9	1.3382086415118889e-9	2.545907304341372e-10	4.385724160000591e-11	6.8406371839750375e-12	9.660722141481368e-13
1.4544182994994857e-17	4.2222898416074576e-17	7.612945967697125e-17	1.132341063944959e-16	1.564385127705348e-16	2.0706175778118065e-16	2.6321518792455285e-16	3.1832435973741854e-16	3.646895027196634e-16	4.0185223350447725e-16	4.44615068950096e-16	5.290655231951758e-16	7.421708552586272e-16	1.3863216031558999e-15	3.623704873743118e-15	1.1540698899499936e-14	3.837959609878567e-14	1.243819974248131e-13	3.8544256483013516e-13	1.1403167317420602e-12	3.2362768803230965e-12	8.897169302659002e-12	2.4097339506522166e-11	6.605698082282965e-11	1.899292719182032e-10	5.905765922052557e-10	1.9933575827291205e-9	7.097901283483123e-9	2.556844227852877e-8	8.988298690620734e-8	3.009555193565837e-7	9.456136350913581e-7	2.763035521025097e-6	7.4651801201127155e-6	1.857836007173603e-5	4.247081822233012e-5	8.899805362057311e-5	0.0001706689328835601	0.0002991020419318934	0.0004784942600186083	0.0006980724887852537	0.0009279450676343013	0.0011231051857046777	0.0012368373725775135	0.001238652449559091	0.0011274832655675305	0.0009323911315828491	0.0007002265284542326	0.0004773919984878086	0.0002953711818726536	0.0001658029940073302	8.441811892980255e-5	3.897600477933565e-5	1.6314991610390106e-5	6.190460492987572e-6	2.128788302744494e-6	6.633604452452092e-7	1.8729015702329207e-7	4.790437707326547e-8	1.1098956425437592e-8	2.329122805058517e-9	4.426564921113767e-10	7.618521870351771e-11	1.187341708207742e-11	1.675630634926581e-12
1.5560623905377127e-17	4.470767711852446e-17	8.017304034243456e-17	1.196996270167251e-16	1.6543658444762698e-16	2.1904815232153882e-16	2.7613462522310127e-16	3.2967718158215154e-16	3.731684417350147e-16	4.163992619577694e-16	4.929866740206003e-16	6.959751285260265e-16	1.3565091334838176e-15	3.7608820368189556e-15	1.2620850866223416e-14	4.379147233527518e-14	1.4707347650588646e-13	4.695769788294718e-13	1.4222929150657522e-12	4.098375066671242e-12	1.1296846333935864e-11	3.005235830328274e-11	7.828885329451377e-11	2.044197327682204e-10	5.525799661151033e-10	1.5972356822002015e-9	5.000808694336788e-9	1.6652126044597793e-8	5.6788859550702366e-8	1.9109602731655567e-7	6.175267165991878e-7	1.8835120507403328e-6	5.364955198845818e-6	1.4175213510048035e-5	3.4586928613931834e-5	7.768370604811188e-5	0.00016022919521983331	0.0003029178069941239	0.0005240913193940818	0.0008287511047408726	0.0011964499111054424	0.001575438039669393	0.0018905163737399301	0.0020659111169914228	0.002054526561641861	0.001858358457998398	0.0015280621197556689	0.0011416856388137512	0.0007747603340607152	0.00047735715784019846	0.00026695072921139706	0.00013545699134545673	6.235028612034981e-5	2.6027826209504153e-5	9.851579901063471e-6	3.3803202062306008e-6	1.0512779493750962e-6	2.96289528369258e-7	7.566448672136912e-8	1.7506082588864916e-8	3.669073870419123e-9	6.965447265246855e-10	1.1976390362986432e-10	1.8648905366251444e-11	2.629790402266582e-12
1.6525072501372338e-17	4.6966513496063734e-17	8.408835919704304e-17	1.2615941632066623e-16	1.7500013244828463e-16	2.3081136120001136e-16	2.879234939629196e-16	3.3929389684603305e-16	3.85743545183251e-16	4.538173125183335e-16	6.324453080276637e-16	1.2465496609802028e-15	3.595609621758503e-15	1.2633048513864812e-14	4.579363377468537e-14	1.6003498430873856e-13	5.293662953505407e-13	1.6531510798552492e-12	4.883498230201378e-12	1.3696962371562369e-11	3.667078648940016e-11	9.447213389647322e-11	2.3718573856487253e-10	5.921164225332418e-10	1.5128228285727633e-9	4.0845211643225705e-9	1.187989613310298e-8	3.690893063818517e-8	1.1866746569302937e-7	3.8057291505571027e-7	1.1822932012543266e-6	3.4888162667429706e-6	9.659072275490189e-6	2.4894079841143465e-5	5.941589269998882e-5	0.00013084720054889893	0.00026515100121560675	0.0004933519953995073	0.0008413871595718181	0.001313331756886116	0.001873914456953544	0.0024414727078979443	0.0029018156368567616	0.0031437034239327286	0.0031020334938753813	0.002786117282284636	0.002276385911401052	0.0016910577273315	0.0011416504129655193	0.0007001434346057628	0.0003899021730589417	0.00019710205051474083	9.041913172442697e-5	3.7630784531324884e-5	1.4204692418523563e-5	4.862151590197423e-6	1.5088471958335817e-6	4.244267014845436e-7	1.0820045400320238e-7	2.4995373115921316e-8	5.231615144715738e-9	9.919841533329065e-10	1.7038018007253075e-10	2.6505649770858476e-11	3.734604544602371e-12
1.7579734624809944e-17	4.926570721026009e-17	8.811525182026942e-17	1.3267417760574057e-16	1.8430025125015036e-16	2.418680100587285e-16	2.986588090790111e-16	3.504727055362313e-16	4.125768202174046e-16	5.588917470059991e-16	1.0795207445547364e-15	3.1665101380395468e-15	1.1576628207696079e-14	4.3885610113426717e-14	1.6016052992016212e-13	5.514184020327064e-13	1.7851474113562276e-12	5.441866723635426e-12	1.5666029462507216e-11	4.275358101632335e-11	1.1117480648272634e-10	2.774825017341853e-10	6.722408578017189e-10	1.6086827599342536e-9	3.900805779915779e-9	9.881010976754692e-9	2.6755822724771458e-8	7.745723170974556e-8	2.3393298963031612e-7	7.119608083301666e-7	2.117749950952401e-6	6.024520554103006e-6	1.616168689015182e-5	4.051805457733569e-5	9.436477516342026e-5	0.0002033065758228836	0.0004039465194818218	0.0007383712276859994	0.0012392242790207947	0.0019064938880400675	0.002684861897166057	0.0034568585909178157	0.00406492127932659	0.004361396853424891	0.004266188213144501	0.0038016554589214067	0.003084149596060166	0.002276510232589547	0.0015280699395321935	0.000932282825171299	0.0005167674662350344	0.0002601455946690055	0.0001188937607214569	4.931571123163156e-5	1.8559700365340182e-5	6.335835179299905e-6	1.9614746858802897e-6	5.505742766214042e-7	1.4009439226244414e-7	3.230891751521561e-8	6.7523237030335125e-9	1.2786514548796139e-9	2.1936341991096594e-10	3.40911509996735e-11	4.799062237707788e-12
1.8413631295837533e-17	5.1196548015517734e-17	9.200165454254402e-17	1.3905239466129066e-16	1.9303911354940908e-16	2.5171652128582174e-16	3.0902982923094433e-16	3.6984430692260714e-16	4.859471514690891e-16	8.90441102434462e-16	2.584067955758082e-15	9.746837971566379e-15	3.864531302125615e-14	1.4770779618002952e-13	5.31377345454312e-13	1.7913689194410473e-12	5.6642520976800656e-12	1.6839243801986e-11	4.721359273929616e-11	1.2531911360452617e-10	3.164315888030491e-10	7.651955620860227e-10	1.7899229047847614e-9	4.11263361899901e-9	9.492910118121999e-9	2.2642815554282373e-8	5.7216462125230734e-8	1.542560702361038e-7	4.362687888530556e-7	1.2548071159351336e-6	3.5590296120113972e-6	9.724090049335846e-6	2.5193039595445426e-5	6.125811805732408e-5	0.00013884514649827625	0.0002919526911405832	0.0005675234646571928	0.001017095009917899	0.0016768289504630078	0.002538442002802808	0.003523025198043773	0.004476551482349255	0.005201549148636487	0.005521093450167105	0.005348271311286826	0.004724261264989249	0.003802424385573939	0.002786767601200664	0.001858621967243564	0.0011274422209768232	0.0006217223935510731	0.00031153342383189125	0.00014178959645309118	5.859467622410699e-5	2.197878478715272e-5	7.4808721608778925e-6	2.3098696231275332e-6	6.468508345523516e-7	1.6425063959836006e-7	3.781030105275228e-8	7.88924490001389e-9	1.491806607176595e-9	2.5561002259433815e-10	3.968034975196317e-11	5.580401826860465e-12
1.9293809467296778e-17	5.34278682805027e-17	9.579651518378583e-17	1.450294050288381e-16	2.010741925240499e-16	2.609719699110655e-16	3.234684323784041e-16	4.1801196406229584e-16	7.125939993569418e-16	1.9790650606775366e-15	7.602915242180095e-15	3.147635985515225e-14	1.2621904529170365e-13	4.758521431151536e-13	1.676432821835803e-12	5.5207016969154494e-12	1.7028345537482713e-11	4.9324771095538125e-11	1.3459011835656117e-10	3.4722544203372823e-10	8.50865651387111e-10	1.9927831327528508e-9	4.501028256817924e-9	9.93762094389706e-9	2.1876458093338664e-8	4.926892527821609e-8	1.1642818977026979e-7	2.922665443588788e-7	7.719865086403417e-7	2.090005513659526e-6	5.628618439771133e-6	1.4712374823559507e-5	3.668206146908407e-5	8.623667062810682e-5	0.0001896855682912175	0.00038827523702933636	0.0007367018367936118	0.0012917123900972392	0.002087827467046607	0.003104482360525549	0.00423927119625496	0.005308140163658402	0.006086456100775983	0.006383299274698241	0.006116850062219949	0.005350612837674819	0.004268793076906483	0.0031038595485379317	0.0020554003042987704	0.0012388513096400695	0.0006792463942457542	0.00033861109566942155	0.00015340587896046107	6.313497543100551e-5	2.3595138638073722e-5	8.004833694446643e-6	2.464484443806322e-6	6.883720015897145e-7	1.7439517339773955e-7	4.006461935948511e-8	8.344751394498767e-9	1.575471820020263e-9	2.695749762602744e-10	4.179793289014538e-11	5.871956035379238e-12
2.0113586801042974e-17	5.542089743103228e-17	9.950166517959498e-17	1.5105744994367496e-16	2.0959106892010405e-16	2.728171617915744e-16	3.55322801074499e-16	5.648883143029851e-16	1.4550803291357878e-15	5.586996163228105e-15	2.403978114356851e-14	1.01105579241228e-13	3.9995889400091927e-13	1.4755989535893668e-12	5.0746375004125346e-12	1.6293474874064155e-11	4.895239351053663e-11	1.3798324366311465e-10	3.6599638783332123e-10	9.167690624984163e-10	2.1780693392567944e-9	4.93643610778292e-9	1.0760020549519429e-8	2.2827787059765665e-8	4.796692807004547e-8	1.0217107813388096e-7	2.2613633048740575e-7	5.284708437328831e-7	1.3004780402914416e-6	3.3009337587543996e-6	8.40423628825034e-6	2.0928858214907343e-5	5.003014504109962e-5	0.00011333613704434583	0.00024119648258665082	0.00047929594327890434	0.0008854061394560469	0.0015153393967440203	0.0023961838236867677	0.003492911417792832	0.004684589821765573	0.005770876499094307	0.006520117987492589	0.006747483409825711	0.006388381449082633	0.005527702826871647	0.004367080218928978	0.0031474464533204393	0.0020678075156650667	0.001237491934719289	0.0006741862375493666	0.00033417450543178444	0.00015062491169759716	6.170860147609418e-5	2.296860228125569e-5	7.764175873134211e-6	2.3827355660492166e-6	6.636484517951148e-7	1.6770929463571018e-7	3.8443225445696486e-8	7.991414514428793e-9	1.5061764733767033e-9	2.573311958982112e-10	3.9847162357927604e-11	5.59141298409139e-12
2.086702699120392e-17	5.718548649194468e-17	1.0291162997383206e-16	1.5655260913553831e-16	2.181779399930282e-16	2.9435585851785714e-16	4.504174285318277e-16	1.06323602916542e-15	3.990660686184347e-15	1.7683780102422634e-14	7.770088498434054e-14	3.2190441681896034e-13	1.2428936875817977e-12	4.465199956290932e-12	1.494133399564666e-11	4.6652001302017704e-11	1.3621878618186554e-10	3.728867976639534e-10	9.596947718044705e-10	2.3300312669635032e-9	5.358522476843053e-9	1.1735306302246772e-8	2.465463358868989e-8	5.021801104168642e-8	1.0070215901656917e-7	2.0297930278705506e-7	4.210567264998041e-7	9.155887290092382e-7	2.0938431814460747e-6	4.962635551746357e-6	1.1890238973935524e-5	2.8085850610362616e-5	6.411369496290867e-5	0.00013945288129799783	0.00028620982272231903	0.0005505096904431262	0.0009874557735059454	0.0016455071709995193	0.0025397945583442616	0.0036218097182851372	0.004761601802395897	0.005760685359322354	0.0064029127054821226	0.006528752393416907	0.006099085039730277	0.0052139927897375685	0.004074613260847337	0.002908007368284961	0.0018937379555192143	0.0011243898189042464	0.000608241039238087	0.00029958098595084763	0.00013426922401147607	5.473058519973982e-5	2.0279828169246275e-5	6.827909578204506e-6	2.0879836374756666e-6	5.797289113323123e-7	1.4609614852829386e-7	3.340713855498601e-8	6.929619712568724e-9	1.303596152820199e-9	2.2235358890308706e-10	3.438149407077435e-11	4.818345885855862e-12
2.135199087188053e-17	5.862891830817796e-17	1.0612333866550578e-16	1.626210783019026e-16	2.3364219293662735e-16	3.6064345617882517e-16	8.018104156107064e-16	2.9113370438019197e-15	1.3125530144870498e-14	5.971891867644249e-14	2.5730649313945386e-13	1.0342123755105902e-12	3.866684226290339e-12	1.345117024884637e-11	4.3592966010474033e-11	1.3183615841582268e-10	3.7279839243047673e-10	9.87931116117121e-10	2.4600223903281463e-9	5.773805127570408e-9	1.2821661147242283e-8	2.7070678689308462e-8	5.470055362483456e-8	1.0677892066589234e-7	2.0408670774577655e-7	3.890250840157456e-7	7.560392657257333e-7	1.5279217837011198e-6	3.237859138784113e-6	7.134345559487564e-6	1.6006118833231082e-5	3.5689650630686544e-5	7.746289616482061e-5	0.00016114934874129233	0.0003178564749386421	0.0005899141784115147	0.0010244700868052492	0.0016578240831976836	0.0024914759666453015	0.0034678174400348937	0.004459818750690623	0.005288742809552495	0.005772691995802173	0.005790230324744564	0.005329378347259233	0.0044952450665386515	0.003470665279041583	0.0024501273735782815	0.0015800028817388098	0.0009298986054295602	0.000499082014270805	0.00024408925321172978	0.00010871175163416151	4.406486196890511e-5	1.6246409947904548e-5	5.445707999650531e-6	1.6587696676155826e-6	4.5895875662498126e-7	1.1530674729874612e-7	2.629553642455299e-8	5.441543885950256e-9	1.0215369265476365e-9	1.739274268115493e-10	2.685115481310087e-11	3.757785486931669e-12
2.187314909395838e-17	6.025922981317651e-17	1.0985497869126821e-16	1.7419117744112104e-16	2.84466401895876e-16	6.351482164323186e-16	2.2810920580632244e-15	1.0412357487322955e-14	4.855033242371664e-14	2.152370802432499e-13	8.917774699105161e-13	3.4404247503116463e-12	1.2355065455850889e-11	4.1328507500633694e-11	1.2891579914710122e-10	3.75512027843376e-10	1.0231407179781712e-9	2.6127964114390935e-9	6.268356246104534e-9	1.4167560878696055e-8	3.02704034942156e-8	6.140745791092334e-8	1.1897213078708315e-7	2.2194504105635126e-7	4.0335791610615895e-7	7.257836455562937e-7	1.3194256297512883e-6	2.473064326856933e-6	4.839153436527767e-6	9.863176806058755e-6	2.0604122298787767e-5	4.313342123702613e-5	8.8582785090517e-5	0.0001755076086031757	0.00033144230451337967	0.0005915192000162444	0.000991493326845842	0.0015536167552171669	0.0022674187372586636	0.003072828413372173	0.0038569744751033442	0.004473893427706744	0.004786254180805992	0.0047142072792283425	0.0042680732991920755	0.003546812420809988	0.002701830203026764	0.001884399124024852	0.0012020163544218968	0.0007005512672036715	0.0003727082506876857	0.00018085888530304203	7.998829799438037e-5	3.2220474022267395e-5	1.1813701763452242e-5	3.9404228570522245e-6	1.1950301894618959e-6	3.2937531145752314e-7	8.246979253176306e-8	1.875094177286067e-8	3.8701143093215605e-9	7.248687698791814e-10	1.2316997496446212e-10	1.8982096897185803e-11	2.6524583004669463e-12
2.2345728746041688e-17	6.240458546229044e-17	1.1815788816143573e-16	2.1576659347577188e-16	5.187587578022176e-16	1.9358262984719433e-15	9.062476800759937e-15	4.3272092881393056e-14	1.9634433047177822e-13	8.325271563142467e-13	3.2877864066738148e-12	1.2090484108515395e-11	4.142624447140159e-11	1.3236634006346126e-10	3.9482740898662244e-10	1.1007907426764366e-9	2.8728079006400425e-9	7.030146586654738e-9	1.6164781537204494e-8	3.501010994774197e-8	7.163903276445607e-8	1.3903011605130266e-7	2.572094485085379e-7	4.568247290253296e-7	7.867652561008497e-7	1.3324899800641556e-6	2.260124095633131e-6	3.917171810686605e-6	7.046815273949425e-6	1.3207879987641586e-5	2.5521405852289095e-5	4.9843984444142826e-5	9.63178741479498e-5	0.0001808770862478323	0.0003256860744582458	0.0005568788049194867	0.0008979246487557985	0.0013582319431527394	0.001919528527614813	0.0025261490374771933	0.003087074185085166	0.003494613934113171	0.003656601202614042	0.003529731987219886	0.003137848650509025	0.002564828064608518	0.0019248261073667619	0.001324516358658617	0.0008347006253821645	0.00048120679356946283	0.00025352545699983397	0.00012195489916740537	5.351784273625317e-5	2.1408460042138253e-5	7.801084550978198e-6	2.587793257932894e-6	7.810096187406794e-7	2.143410775742546e-7	5.3464757985256046e-8	1.2115827993517932e-8	2.4933863278940778e-9	4.658227732705356e-10	7.897769318101394e-11	1.214809818890416e-11	1.6946470771422114e-12
2.3177259494574687e-17	6.759294891526382e-17	1.5036627192864988e-16	4.1539402869922043e-16	1.6888122027651939e-15	8.311208417025778e-15	4.11810386666954e-14	1.9284050653407538e-13	8.408602702497711e-13	3.4059724616330776e-12	1.2821657728925244e-11	4.490515231975708e-11	1.4649277859863112e-10	4.456947185124399e-10	1.266222956965798e-9	3.3637024554012953e-9	8.367515709676415e-9	1.9523651726540996e-8	4.2808552871594275e-8	8.84032486862573e-8	1.7240063573457737e-7	3.185680577610516e-7	5.602312207794476e-7	9.432802358093712e-7	1.5335404441382074e-6	2.4362306538792462e-6	3.843282554636843e-6	6.1374067095400025e-6	1.0100209338317058e-5	1.7290605256153507e-5	3.066263568146632e-5	5.544316811526376e-5	0.00010013835933959693	0.00017724573997481965	0.0003028629281331447	0.0004941219224064703	0.0007636418756328726	0.0011113771044682676	0.0015162882697603427	0.001932251118103543	0.002292845551428359	0.002526753375366981	0.0025799325827118827	0.0024355465077309695	0.002121768983599289	0.0017027769964576105	0.0012568525394995535	0.0008520093855346415	0.0005297329741243451	0.00030170974226433837	0.0001572362657304841	7.490303021470766e-5	3.25851208488736e-5	1.2934138961898229e-5	4.680704518859274e-6	1.5432191014580003e-6	4.6323495432897094e-7	1.2652389041188547e-7	3.14271310151747e-8	7.095498594035393e-9	1.4554986826386531e-9	2.711528755170231e-10	4.5859464622759614e-11	7.038911258896127e-12	9.800868379706927e-13
2.6159105705791242e-17	9.037492057414605e-17	3.0805926144458113e-16	1.4075044308610534e-15	7.434462930542513e-15	3.891420628697997e-14	1.9114910899991682e-13	8.698424014885488e-13	3.6604542273908806e-12	1.4256902070958651e-11	5.146877157583676e-11	1.7249643263833738e-10	5.375636193176823e-10	1.5602162076893356e-9	4.2241111857362185e-9	1.0685138910556663e-8	2.5295326762769518e-8	5.614072291524522e-8	1.1703659420004242e-7	2.2966759214329478e-7	4.252948538560047e-7	7.454140657178666e-7	1.2413024790642115e-6	1.973951981420263e-6	3.018827754218182e-6	4.48454622386186e-6	6.561225595866086e-6	9.62290423119971e-6	1.4417485189041882e-5	2.238130662792262e-5	3.6099807061259356e-5	5.987762066694349e-5	0.00010025635337073393	0.0001661265222992128	0.00026788913629026954	0.00041509873191242707	0.000612392203179433	0.0008544074264225014	0.0011216068656690456	0.001379741277659335	0.0015851774259601143	0.001696011192597275	0.0016855657300886692	0.0015525211813466914	0.001322526230856503	0.0010399756749402973	0.0007535965012023032	0.0005024079852640032	0.0003077063393923724	0.00017289787147223092	8.901725950133193e-5	4.1946136560207425e-5	1.8071133487617068e-5	7.111069195431554e-6	2.553619304314175e-6	8.361757065498295e-7	2.494812291121469e-7	6.777726951915488e-8	1.6755950411764022e-8	3.767470070490386e-9	7.700259563823771e-10	1.4299969974659397e-10	2.411885943828252e-11	3.693175325638397e-12	5.131656833789277e-13
4.079338671338501e-17	2.0025418319035435e-16	1.0564537581666491e-15	6.070646004361174e-15	3.4041925653698645e-14	1.7805368741436797e-13	8.587620217514943e-13	3.813002936430911e-12	1.5599015438273876e-11	5.888455805470027e-11	2.054467911611865e-10	6.636549778248998e-10	1.9883744569910795e-9	5.535350306221166e-9	1.4344001481560231e-8	3.466343907975018e-8	7.826420497451755e-8	1.6541897808646344e-7	3.279599797498214e-7	6.112504051280896e-7	1.0735787249270774e-6	1.7818950339321571e-6	2.8043999810595337e-6	4.203372870891774e-6	6.035405315370588e-6	8.370175719991695e-6	1.1342338686065375e-5	1.5253313549165101e-5	2.0739191968409362e-5	2.9013410041676372e-5	4.2169703512449585e-5	6.34808875532629e-5	9.754673723671419e-5	0.00015004729715867597	0.00022680568753130948	0.00033195773350103613	0.00046535976026928713	0.0006199287738393465	0.0007801770909897992	0.0009233489670224826	0.0010238851759309796	0.0010604371146476878	0.0010229913822624585	0.00091694335223972	0.0007619466118735956	0.0005857701370739476	0.0004158434832663365	0.0002721288682589043	0.00016389310537600707	9.070691527180176e-5	4.606970842533718e-5	2.1445385791242396e-5	9.138753852314919e-6	3.5612863731394006e-6	1.26783819169855e-6	4.1196815458226096e-7	1.2208027306448102e-7	3.2967005476395925e-8	8.107082490243321e-9	1.8143722024127038e-9	3.6933053812516105e-10	6.8344625280565e-11	1.1491801910128581e-11	1.7549932331536671e-12	2.432936867554253e-13
1.0610073428552883e-16	6.852709085925141e-16	4.336386082547438e-15	2.6305786713866166e-14	1.4809111659004335e-13	7.659787338724911e-13	3.6340214711901187e-12	1.5824013896796333e-11	6.332218990126386e-11	2.3321256974041794e-10	7.917735677050608e-10	2.482194678631866e-9	7.198137318697168e-9	1.9343932425033883e-8	4.8264235956158346e-8	1.120215236496481e-7	2.4234652460552e-7	4.896928259265753e-7	9.261712144798129e-7	1.6433106693425048e-6	2.741986549235921e-6	4.314217650876241e-6	6.4208111757782174e-6	9.073800002708077e-6	1.223620566868899e-5	1.5852027257159637e-5	1.9915957444520068e-5	2.4586040863542315e-5	3.033428788991217e-5	3.81191360340338e-5	4.954574286497355e-5	6.695120538570287e-5	9.331439765266692e-5	0.00013186245291108955	0.0001852660014765176	0.0002544286890456928	0.000337100920443779	0.00042682494277057273	0.0005128914404969847	0.0005818543259357063	0.0006206050017255248	0.0006201992666949563	0.000578985303226524	0.0005035842649412717	0.0004070992590431018	0.00030520610242577314	0.00021177023224363279	0.00013573564845073403	8.022642992572473e-5	4.365432525501397e-5	2.1835656514952963e-5	1.00259507674841e-5	4.2202878632694215e-6	1.6266564263363216e-6	5.734660454005859e-7	1.847298294916534e-7	5.432244130943266e-8	1.4570143695031753e-8	3.5616542386805024e-9	7.929278340438225e-10	1.6066740071756835e-10	2.9612718350916434e-11	4.961972881576919e-12	7.555192347794224e-13	1.0446942721736529e-13
3.715056473971828e-16	2.6424223556764987e-15	1.74679541081834e-14	1.0661029158156511e-13	5.961839539713876e-13	3.0495476380337435e-12	1.4273520963638019e-11	6.11941249531154e-11	2.406094024307057e-10	8.688329080524867e-10	2.8855034820101314e-9	8.827760043751822e-9	2.491977902036977e-8	6.502217756974424e-8	1.5710777784261558e-7	3.521949459245557e-7	7.339782037674744e-7	1.4249492605532922e-6	2.5826974289170413e-6	4.380216059298155e-6	6.96817179887709e-6	1.042526758928649e-5	1.4712315720371744e-5	1.9651544390550846e-5	2.4950527334197173e-5	3.0279016925318253e-5	3.539072687765304e-5	4.026738706979284e-5	4.525433641189734e-5	5.115566692238933e-5	5.925772653625893e-5	7.124750844695005e-5	8.898828457487817e-5	0.00011412057465548205	0.00014749157254952052	0.00018849441974567131	0.00023450889747862503	0.0002807262907686761	0.00032063256184549906	0.0003472500763647221	0.0003549144564144247	0.00034102403958255294	0.00030705399226613265	0.00025832856002973493	0.00020255328202587738	0.00014766910840298837	9.987894294263232e-5	6.254727528768121e-5	3.619667653747812e-5	1.9323492518082915e-5	9.500400999997629e-6	4.295066175290564e-6	1.7829897798112852e-6	6.787401206349524e-7	2.3664728895069398e-7	7.548341645957113e-8	2.200397295338557e-8	5.856450562804569e-9	1.4219050659446096e-9	3.1467407224844885e-10	6.342900215102953e-11	1.163760817549005e-11	1.9423742861077843e-12	2.947637799203603e-13	4.0644959744501724e-14
1.3485277322973906e-15	9.802880290071252e-15	6.520918672763554e-14	3.964865420496663e-13	2.2003940661049973e-12	1.1148062482857727e-11	5.1601673227776284e-11	2.1843984564741742e-10	8.466355225588787e-10	3.008117063830939e-9	9.810836116170203e-9	2.9413864949414942e-8	8.118900186340627e-8	2.0665605325478074e-7	4.859080220277546e-7	1.057320030996605e-6	2.1332370045034414e-6	3.998793622820238e-6	6.979084899849557e-6	1.1366327288636716e-5	1.7315143275246918e-5	2.4735737550467904e-5	3.323011606167842e-5	4.211358242057173e-5	5.053845127479915e-5	5.769813155541539e-5	6.305571740037527e-5	6.652885242284741e-5	6.85768346802201e-5	7.016702836144954e-5	7.262841192706327e-5	7.741736194234951e-5	8.582373230149763e-5	9.864514334894261e-5	0.00011586857879002559	0.0001364260948159082	0.00015812264557762238	0.0001778390368031022	0.00019206117658378987	0.0001976716926112206	0.00019279910614668599	0.00017742870050221964	0.00015351202844327176	0.0001244856199587518	9.43536537699834e-5	6.667612209889882e-5	4.382727003586533e-5	2.6738607001340427e-5	1.511021340374833e-5	7.894264121289746e-6	3.806144221573807e-6	1.690690217797592e-6	6.908255565564809e-7	2.59277457672554e-7	8.926149082470243e-8	2.8152726012989412e-8	8.125102311161637e-9	2.1435014969667394e-9	5.163894076984617e-10	1.1350035801551469e-10	2.2741865723138728e-11	4.150909484446738e-12	6.897259768063163e-13	1.0428648769864852e-13	1.433951348208894e-14
4.59713680319227e-15	3.3500248892921095e-14	2.223741515419753e-13	1.3449986510055314e-12	7.413179085286882e-12	3.725485186292657e-11	1.708458423877944e-10	7.15597830729515e-10	2.7404214523322816e-9	9.605710259941457e-9	3.0855002049116577e-8	9.09425810962771e-8	2.462968586111349e-7	6.138304372280964e-7	1.4100308845317858e-6	2.990457736505403e-6	5.8662430845505755e-6	1.066418763786327e-5	1.8002061338651848e-5	2.8279886629093015e-5	4.143690695060518e-5	5.6769453902661935e-5	7.291441369910789e-5	8.805661961152639e-5	0.0001003287592534173	0.00010828287989642302	0.00011127260066889598	0.00010961744681181836	0.0001045067985303512	9.769449393962874e-5	9.109228221160975e-5	8.63742625231524e-5	8.466930851727505e-5	8.637426251926441e-5	9.109228220397415e-5	9.769449392855205e-5	0.00010450679851634871	0.00010961744679563438	0.00011127260065147497	0.00010828287987883707	0.00010032875923672865	8.805661959663695e-5	7.291441368662954e-5	5.676945389285323e-5	4.1436906943384855e-5	2.827988662412519e-5	1.800206133545983e-5	1.0664187635948998e-5	5.866243083477336e-6	2.990457735941621e-6	1.4100308842510077e-6	6.138304370932178e-7	2.4629685854629714e-7	9.094258106391249e-8	3.085500203141161e-8	9.605710249482729e-9	2.7404214458789274e-9	7.155978268208384e-10	1.7084584032179082e-10	3.725485075249484e-11	7.413177950103327e-12	1.3449976960137301e-12	2.2237359510736753e-13	3.3499935561890686e-14	4.596977395871119e-15
1.433954513966097e-14	1.0428676107239214e-13	6.897265299137445e-13	4.150910258353746e-12	2.27418665068089e-11	1.1350035892630803e-10	5.163894096086807e-10	2.1435015006952093e-9	8.125102317889516e-9	2.8152726025765987e-8	8.92614908519323e-8	2.592774577338017e-7	6.908255566993547e-7	1.69069021812252e-6	3.806144222277712e-6	7.894264122719942e-6	1.5110213406454039e-5	2.6738607006093597e-5	4.382727004361566e-5	6.66761221106403e-5	9.435365378653033e-5	0.0001244856199804872	0.00015351202846993324	0.00017742870053282295	0.00019279910617962158	0.00019767169264450884	0.00019206117661542765	0.00017783903683137953	0.00015812264560133616	0.0001364260948344306	0.00011586857880325387	9.864514335715688e-5	8.582373230521736e-5	7.741736194221037e-5	7.262841192374252e-5	7.016702835564152e-5	6.857683467262811e-5	6.652885241418146e-5	6.305571739132615e-5	5.769813154662036e-5	5.0538451266783134e-5	4.2113582413705576e-5	3.3230116056147106e-5	2.4735737546278292e-5	1.7315143272266124e-5	1.1366327286645758e-5	6.9790848986008325e-6	3.998793622082599e-6	2.133237004090781e-6	1.0573200307743328e-6	4.859080219104019e-7	2.0665605319195381e-7	8.118900182772638e-8	2.9413864927726945e-8	9.810836101634554e-9	3.0081170533619044e-9	8.466355152850314e-10	2.1843984094373955e-10	5.160167047295702e-11	1.1148060680306274e-11	2.200392706641188e-12	3.9648551048481187e-13	6.520876284529e-14	9.802665331463387e-15	1.3483908526731168e-15
4.064503226834093e-14	2.9476381189790867e-13	1.9423745873298938e-12	1.163760861423754e-11	6.342900247686801e-11	3.146740728931241e-10	1.4219050676401152e-9	5.856450566631826e-9	2.200397296174171e-8	7.548341647935753e-8	2.3664728900199286e-7	6.787401207684995e-7	1.782989780145099e-6	4.295066176074063e-6	9.500401001706664e-6	1.9323492521532464e-5	3.619667654391016e-5	6.254727529876192e-5	9.987894296028391e-5	0.00014766910842903085	0.00020255328206152215	0.00025832856007508613	0.000307053992319882	0.00034102403964201026	0.0003549144564759546	0.00034725007642441547	0.0003206325618998943	0.0002807262908153007	0.00023450889751622594	0.0001884944197741427	0.00014749157256961626	0.00011412057466845534	8.898828458215481e-5	7.124750844990245e-5	5.9257726536091047e-5	5.115566692010595e-5	4.525433640830945e-5	4.026738706555356e-5	3.539072687327241e-5	3.0279016921177908e-5	2.4950527330555836e-5	1.965154438754848e-5	1.4712315718042585e-5	1.0425267587583403e-5	6.968171797702577e-6	4.380216058532126e-6	2.5826974284424276e-6	1.4249492602710868e-6	7.33978203602639e-7	3.5219494582821073e-7	1.5710777778425753e-7	6.502217753250966e-8	2.4919778994836315e-8	8.827760025268875e-9	2.8855034682344603e-9	8.688328974164434e-10	2.40609394543265e-10	6.119411942275499e-11	1.4273517070472698e-11	3.0495446168281327e-12	5.961816927265452e-13	1.0660831119573221e-13	1.7466787928807207e-14	2.6419545403418184e-15	3.714110578682083e-16
1.0446952293697414e-13	7.555192703227065e-13	4.961973009750129e-12	2.961271861365384e-11	1.6066740081572447e-10	7.929278344915353e-10	3.561654240121156e-9	1.45701436993846e-8	5.4322441322282404e-8	1.847298295293723e-7	5.734660455097489e-7	1.626656426635189e-6	4.220287864031336e-6	1.0025950769278023e-5	2.1835656518840377e-5	4.365432526276249e-5	8.02264299399369e-5	0.00013573564847474493	0.0002117702322810514	0.0003052061024796428	0.0004070992591148761	0.0005035842650299424	0.0005789853033282964	0.0006201992668037201	0.0006206050018340022	0.0005818543260368978	0.0005128914405854839	0.0004268249428432942	0.00033710092050001514	0.0002544286890866424	0.00018526600150454555	0.0001318624529290009	9.331439766315495e-5	6.695120539105379e-5	4.954574286696196e-5	3.811913603395656e-5	3.0334287888677654e-5	2.4586040861767195e-5	1.9915957442607518e-5	1.585202725536017e-5	1.2236205667142326e-5	9.073800001471075e-6	6.420811174847575e-6	4.314217650213844e-6	2.741986548787734e-6	1.6433106690517542e-6	9.261712142960714e-7	4.8969282581074e-7	2.4234652452966843e-7	1.120215235975585e-7	4.8264235918456056e-8	1.9343932396670167e-8	7.198137296767024e-9	2.482194661638688e-9	7.917735540871539e-10	2.3321255897657983e-10	6.33221818144338e-11	1.5824007747803947e-11	3.6340170600562987e-12	7.659754344586029e-13	1.4808881041847256e-13	2.630406100073999e-14	4.335620209469562e-15	6.849669117225284e-16	1.0600571893513556e-16
2.4329371915424276e-13	1.7549931760952663e-12	1.1491801891026916e-11	6.834462526139783e-11	3.6933053788141724e-10	1.8143722024830536e-9	8.10708249162606e-9	3.2967005482991076e-8	1.2208027308814278e-7	4.1196815465905646e-7	1.2678381919290623e-6	3.561286373778346e-6	9.138753853943717e-6	2.1445385795052424e-5	4.606970843350539e-5	9.070691528786436e-5	0.00016389310540500186	0.00027212886830701424	0.000415843483339811	0.0005857701371773832	0.0007619466120080613	0.0009169433524014185	0.001022991382442683	0.0010604371148342617	0.0010238851761107698	0.0009233489671841411	0.0007801770911257611	0.0006199287739465705	0.0004653597603487733	0.00033195773355653406	0.00022680568756784476	0.00015004729718133157	9.754673724986999e-5	6.348088756029885e-5	4.216970351576116e-5	2.9013410042850912e-5	2.0739191968446502e-5	1.5253313548666629e-5	1.1342338685378182e-5	8.370175719304412e-6	6.035405314774169e-6	4.20337287041743e-6	2.8043999807066187e-6	1.7818950336820433e-6	1.073578724755584e-6	6.112504050113346e-7	3.279599796695405e-7	1.6541897802890246e-7	7.826420492979077e-8	3.466343904317743e-8	1.43440014517182e-8	5.535350281651663e-9	1.988374437082998e-9	6.636549617217709e-10	2.0544677759792732e-10	5.888454678113022e-11	1.5599006476944714e-11	3.812995757526007e-12	8.587563262929765e-13	1.7804862765033328e-13	3.403785324891967e-14	6.067728987380556e-15	1.054961675295614e-15	1.997750001725069e-16	4.087826049660223e-17
5.131656157833335e-13	3.693175159816475e-12	2.41188590993926e-11	1.4299969934644158e-10	7.700259560139156e-10	3.767470070891258e-9	1.6755950414172157e-8	6.777726953112994e-8	2.4948122915732763e-7	8.361757067003681e-7	2.5536193047704245e-6	7.1110691966959655e-6	1.807113349082246e-5	4.194613656763772e-5	8.90172595170868e-5	0.00017289787150281475	0.00030770633944677357	0.0005024079853528004	0.0007535965013354536	0.001039975675123993	0.001322526231090026	0.001552521181620698	0.001685565730385994	0.0016960111928962158	0.0015851774262392044	0.0013797412779018442	0.001121606865865648	0.0008544074265716077	0.0006123922032855205	0.0004150987319834318	0.00026788913633509566	0.00016612652232595612	0.00010025635338581772	5.9877620674956875e-5	3.609980706521898e-5	2.238130662968265e-5	1.441748518967435e-5	9.622904231297022e-6	6.561225595738004e-6	4.484546223665341e-6	3.0188277540248065e-6	1.9739519812573352e-6	1.241302478937536e-6	7.454140656219105e-7	4.252948537842342e-7	2.2966759208841144e-7	1.1703659415622697e-7	5.614072287856119e-8	2.5295326730021752e-8	1.0685138880421362e-8	4.224111159634594e-9	1.5602161856911339e-9	5.375636007970384e-10	1.7249641743322723e-10	5.1468758818313273e-11	1.4256891545104579e-11	3.660445393285969e-12	8.698352661991596e-13	1.9114322552358852e-13	3.890917824337693e-14	7.430334851063856e-15	1.4043533553836424e-15	3.062177142958268e-16	8.992319112726305e-17	2.6140560626749982e-17
9.800868349751163e-13	7.038910998993961e-12	4.5859464051863234e-11	2.7115287496488585e-10	1.4554986821496938e-9	7.095498594541632e-9	3.1427131019980163e-8	1.265238904337913e-7	4.632349544110938e-7	1.5432191017323644e-6	4.680704519689847e-6	1.293413896418976e-5	3.25851208546411e-5	7.490303022795805e-5	0.00015723626575829064	0.00030170974231768003	0.0005297329742179783	0.0008520093856852135	0.0012568525397216347	0.0017027769967584237	0.0021217689839740416	0.0024355465081610287	0.002579932583167295	0.002526753375812811	0.0022928455518326576	0.001932251118443943	0.00151628827002705	0.0011113771046632602	0.0007636418757662899	0.0004941219224921749	0.0003028629281850078	0.00017724574000449426	0.0001001383593557048	5.5443168123582274e-5	3.06626356855566e-5	1.729060525805989e-5	1.0100209339144394e-5	6.137406709857002e-6	3.843282554724038e-6	2.436230653872288e-6	1.5335404440976364e-6	9.432802357613193e-7	5.602312207339277e-7	3.185680577203319e-7	1.7240063569836697e-7	8.840324865380409e-8	4.280855284140504e-8	1.952365169839931e-8	8.367515682497003e-9	3.363702429311477e-9	1.266222933620123e-9	4.456946988418604e-10	1.4649276176993996e-10	4.4905138135745626e-11	1.2821645731706861e-11	3.4059625658714824e-12	8.408519361314241e-13	1.9283385494700482e-13	4.117557162698389e-14	8.306598640606651e-15	1.684970845026077e-15	4.120860789834664e-16	1.4835275757120217e-16	6.671629272672458e-17	2.3314923410491835e-17
1.6946469712822037e-12	1.2148097916281198e-11	7.897769277493936e-11	4.658227726760966e-10	2.4933863275288875e-9	1.2115827994922741e-8	5.34647579937654e-8	2.1434107761142167e-7	7.810096188784465e-7	2.587793258391033e-6	7.801084552358837e-6	2.1408460045925026e-5	5.35178427457167e-5	0.00012195489918896659	0.0002535254570446486	0.00048120679365451616	0.0008347006255296822	0.0013245163588926788	0.0019248261077068772	0.0025648280650616743	0.0031378486510633616	0.003529731987843378	0.003656601203259829	0.003494613934730182	0.003087074185630032	0.002526149037922825	0.0019195285279531575	0.0013582319433918233	0.0008979246489134936	0.0005568788050169009	0.00032568607451481494	0.00018087708627885274	9.631787416409547e-5	4.9843984452168036e-5	2.5521405856124622e-5	1.320787998941679e-5	7.04681527474785e-6	3.91717181103471e-6	2.2601240957746493e-6	1.3324899801132689e-6	7.867652561086327e-7	4.568247290139672e-7	2.572094484885666e-7	1.390301160287711e-7	7.16390327416088e-8	3.5010109924232005e-8	1.616478151342001e-8	7.030146563092787e-9	2.872807877587193e-9	1.1007907197499768e-9	3.948273879930254e-10	1.3236632215238798e-10	4.142622907168681e-11	1.2090470978629e-11	3.287774797300434e-12	8.32517720505086e-13	1.9633645935642772e-13	4.3265783435388966e-14	9.057281669870592e-15	1.9311962495434055e-15	5.146954930824629e-16	2.123000693703258e-16	1.157192562069552e-16	6.117121841265413e-17	2.2007690942127303e-17
2.652458220124192e-12	1.898209663539642e-11	1.231699745795136e-10	7.248687693523859e-10	3.87011430930262e-9	1.8750941775319367e-8	8.246979254547737e-8	3.2937531151484477e-7	1.1950301896726904e-6	3.940422857748769e-6	1.1813701765540918e-5	3.222047402796357e-5	7.998829800851952e-5	0.00018085888533500897	0.000372708250753559	0.0007005512673274825	0.001202016354634318	0.0018843991243578545	0.0027018302035042075	0.00354681242143672	0.004268073299946181	0.00471420728006123	0.0047862541816515525	0.004473893428497018	0.0038569744757845376	0.00307282841391473	0.002267418737658847	0.0015536167554911977	0.000991493327020526	0.0005915192001202549	0.00033144230457145317	0.00017550760863372617	8.858278510575115e-5	4.313342124428224e-5	2.0604122302119795e-5	9.863176807552936e-6	4.839153437188918e-6	2.4730643271465905e-6	1.3194256298748075e-6	7.257836456052953e-7	4.033579161198902e-7	2.219450410525165e-7	1.1897213077472652e-7	6.140745789384539e-8	3.0270403475715566e-8	1.4167560858457554e-8	6.268356224831002e-9	2.612796390506311e-9	1.0231406976163426e-9	3.755120078430106e-10	1.289157801078101e-10	4.132849096048185e-11	1.235505082021148e-11	3.440412043163953e-12	8.917659123074739e-13	2.1522741406276478e-13	4.854238524941054e-14	1.0406121124622707e-14	2.2761848288161724e-15	6.310830873812726e-16	2.8107827010075183e-16	1.7110459103287005e-16	1.0740304873205248e-16	5.889879352350176e-17	2.136964579032118e-17
3.757785506119821e-12	2.6851154705926288e-11	1.7392742659043598e-10	1.0215369261623848e-9	5.4415438864569244e-9	2.6295536428561554e-8	1.1530674731824677e-7	4.5895875670511016e-7	1.658769667908103e-6	5.445708000612823e-6	1.6246409950775573e-5	4.4064861976692935e-5	0.00010871175165337489	0.00024408925325486983	0.00049908201435901	0.0009298986055938992	0.0015800028820180383	0.0024501273740112754	0.003470665279654911	0.004495245067333011	0.005329378348200993	0.005790230325767743	0.005772691996822208	0.005288742810486989	0.004459818751478601	0.0034678174406475785	0.0024914759670854204	0.0016578240834904652	0.001024470086986115	0.0005899141785155769	0.00031785647499462945	0.00016114934876959504	7.746289617835098e-5	3.568965063685321e-5	1.6006118835940704e-5	7.134345560650994e-6	3.237859139279013e-6	1.5279217839102722e-6	7.560392658114157e-7	3.89025084046288e-7	2.040867077511872e-7	1.067789206590551e-7	5.47005536116159e-8	2.7070678672185896e-8	1.282166112936557e-8	5.773805109277179e-9	2.460022371611223e-9	9.87931098180719e-10	3.7279837482019254e-10	1.3183614126879546e-10	4.359294927630596e-11	1.3451155221605701e-11	3.866671118372144e-12	1.0342003860188103e-12	2.5729477338343285e-13	5.970853225163169e-14	1.3116864064538585e-14	2.9041898263699745e-15	7.96046128606521e-16	3.5591795333036534e-16	2.3006160276718856e-16	1.596924369886289e-16	1.0369863993663741e-16	5.730340869689542e-17	2.07976761572551e-17
4.818345908210989e-12	3.4381493977381526e-11	2.2235358882248157e-10	1.3035961526505176e-9	6.929619713342102e-9	3.340713856032266e-8	1.460961485533089e-7	5.797289114338601e-7	2.087983637843722e-6	6.827909579410278e-6	2.0279828172829736e-5	5.473058520941205e-5	0.00013426922403520487	0.00029958098600379074	0.0006082410393455848	0.001124389819102955	0.0018937379558538901	0.0029080073687988953	0.004074613261567422	0.005213992790658998	0.006099085040808161	0.006528752394570745	0.0064029127066137425	0.005760685360340481	0.004761601803237462	0.0036218097189252684	0.00253979455879316	0.0016455071712903682	0.0009874557736804794	0.0005505096905404211	0.00028620982277289083	0.00013945288132261982	6.411369497420792e-5	2.8085850615291514e-5	1.1890238976000904e-5	4.962635552589515e-6	2.0938431817863058e-6	9.155887291460517e-7	4.21056726551803e-7	2.0297930280186975e-7	1.007021590150749e-7	5.0218011031769605e-8	2.4654633574448252e-8	1.1735306286237317e-8	5.358522460485064e-9	2.330031251096603e-9	9.596947560821568e-10	3.728867818086673e-10	1.3621877082856973e-10	4.665198625919122e-11	1.494131944949627e-11	4.465186605438243e-12	1.242881770545084e-12	3.218929011629662e-13	7.7689546906019e-14	1.76734515232829e-14	3.981590862533889e-15	1.0557851752753858e-15	4.441772440540396e-16	2.8908927463109153e-16	2.1369250821266083e-16	1.5303798332262286e-16	1.0004355925686658e-16	5.5437647937714757e-17	2.0060359668794348e-17
5.591412987085165e-12	3.984716232541802e-11	2.573311958480783e-10	1.5061764733392308e-9	7.991414515538111e-9	3.844322545218041e-8	1.6770929466467093e-7	6.636484519113696e-7	2.3827355664690535e-6	7.764175874504986e-6	2.2968602285313353e-5	6.170860148699843e-5	0.00015062491172421492	0.0003341745054908427	0.0006741862376685183	0.0012374919349379886	0.0020678075160305313	0.0031474464538767217	0.0043670802197008024	0.005527702827848632	0.0063883814502117406	0.006747483411018358	0.006520117988645063	0.0057708765001143825	0.004684589822593695	0.0034929114184103645	0.002396183824110442	0.0015153393970119913	0.0008854061396126613	0.00047929594336370966	0.00024119648262934269	0.00011333613706441441	5.003014504995873e-5	2.0928858218609765e-5	8.404236289730843e-6	3.300933759327128e-6	1.3004780405083348e-6	5.284708438127955e-7	2.2613633051333133e-7	1.0217107813669103e-7	4.7966928062032854e-8	2.2827787047994683e-8	1.0760020535862434e-8	4.9364360930908014e-9	2.1780693247217512e-9	9.167690489328554e-10	3.6599637449516145e-10	1.379832307002935e-10	4.895238089676397e-11	1.6293462133656126e-11	5.0746249987681626e-12	1.475587438927707e-12	3.9994792022714847e-13	1.0109502373657024e-13	2.402937956943496e-14	5.577393965740631e-15	1.446734743420786e-15	5.57755957895832e-16	3.4899356849706987e-16	2.6759928455488965e-16	2.0524418470839492e-16	1.4787620342932093e-16	9.704039293400463e-17	5.3803803863903145e-17	1.9465438693745657e-17
5.871956033008615e-12	4.17979328659198e-11	2.6957497627175433e-10	1.5754718201337977e-9	8.344751395853461e-9	4.006461936622339e-8	1.743951734280592e-7	6.883720017106182e-7	2.4644844442406367e-6	8.004833695859728e-6	2.3595138642241883e-5	6.313497544216139e-5	0.00015340587898757038	0.0003386110957292645	0.0006792463943657993	0.0012388513098590078	0.0020554003046620523	0.0031038595490865415	0.004268793077660959	0.005350612838620551	0.006116850063301163	0.006383299275826614	0.006086456101851901	0.005308140164596822	0.00423927119700447	0.0031044823610744997	0.0020878274674158348	0.0012917123903257459	0.0007367018369239816	0.000388275237098079	0.0001896855683248237	8.62366706433999e-5	3.668206147559614e-5	1.4712374826172381e-5	5.628618440767031e-6	2.0900055140233533e-6	7.71986508767157e-7	2.9226654439895063e-7	1.164281897786657e-7	4.926892527448156e-8	2.1876458083809533e-8	9.937620932184427e-9	4.5010282446618155e-9	1.992783120147084e-9	8.508656386771897e-10	3.4722543011845744e-10	1.3459010687701216e-10	4.932476102493259e-11	1.7028336270772126e-11	5.520691974372189e-12	1.6764231433118045e-12	4.758424740093186e-13	1.2620975867078694e-13	3.1467469740764395e-14	7.594221737391194e-15	1.9710196141930047e-15	7.050332965290817e-16	4.1127641520056986e-16	3.1741900953267374e-16	2.556688786632897e-16	1.9680116026507709e-16	1.4150372383890623e-16	9.316306569653568e-17	5.183629731761307e-17	1.8786013793174095e-17
5.580401764622516e-12	3.9680349630879105e-11	2.556100224996653e-10	1.4918066073324187e-9	7.889244901113581e-9	3.781030105914507e-8	1.6425063962691332e-7	6.468508346659357e-7	2.3098696235346516e-6	7.480872162198407e-6	2.197878479103513e-5	5.8594676234460533e-5	0.0001417895964781481	0.0003115334238869464	0.0006217223936609506	0.0011274422211760796	0.0018586219675720565	0.0027867676016932333	0.003802424386246065	0.004724261265824319	0.0053482713122322565	0.005521093451143111	0.00520154914955612	0.004476551483140745	0.003523025198666729	0.002538442003251741	0.0016768289507596108	0.0010170950100978516	0.0005675234647576436	0.0002919526911922873	0.00013884514652288282	6.125811806819274e-5	2.519303959992098e-5	9.724090051064498e-6	3.5590296126427536e-6	1.2548071161530246e-6	4.362687889219615e-7	1.5425607025273382e-7	5.72164621249229e-8	2.2642815548388718e-8	9.492910109913376e-9	4.112633609327389e-9	1.7899228947738717e-9	7.651955507885463e-10	3.164315782603033e-10	1.2531910357964358e-10	4.7213583097202076e-11	1.6839234483362633e-11	5.664244034380705e-12	1.79136119446041e-12	5.31369714278512e-13	1.476998012055453e-13	3.863760903722179e-14	9.740335782101054e-15	2.577701226439785e-15	8.846744328710887e-16	4.800139312360694e-16	3.6415108232610973e-16	3.035406075807646e-16	2.468160804849425e-16	1.8920077098658611e-16	1.3623960209983563e-16	9.00341889262549e-17	5.056771235056173e-17	1.7987433133969035e-17
4.799062224495563e-12	3.4091150881357666e-11	2.193634197886004e-10	1.27865145475344e-9	6.752323703910571e-9	3.230891752054847e-8	1.4009439228665093e-7	5.505742767180662e-7	1.961474686225908e-6	6.335835180418295e-6	1.85597003686183e-5	4.931571124034459e-5	0.00011889376074246681	0.0002601455947149791	0.0005167674663263637	0.0009322828253360743	0.0015280699398022755	0.0022765102329919532	0.003084149596605365	0.003801655459593476	0.00426618821389868	0.004361396854195952	0.004064921280045281	0.003456858591529064	0.0026848618976408624	0.0019064938883772732	0.001239224279240017	0.0007383712278166492	0.00040394651955332573	0.00020330657585888667	9.436477518014148e-5	4.0518054584521535e-5	1.61616868930202e-5	6.024520555172317e-6	2.1177499513269866e-6	7.119608084515483e-7	2.339329896645362e-7	7.745723171450562e-8	2.6755822719558867e-8	9.881010969368001e-9	3.90080577112718e-9	1.6086827513132283e-9	6.722408489189313e-10	2.7748249372522147e-10	1.1117479864157256e-10	4.275357418400126e-11	1.566602295989197e-11	5.441860474249161e-12	1.78514092488234e-12	5.514116281638041e-13	1.6015407921368249e-13	4.38793403981162e-14	1.1571448459517122e-14	3.1622661373143285e-15	1.0754169376944136e-15	5.55084870165397e-16	4.08367928464806e-16	3.4632699323371e-16	2.942119827774377e-16	2.379458957720515e-16	1.8125263197635576e-16	1.301785710533526e-16	8.624663637666785e-17	4.829931382139833e-17	1.7026950853701713e-17
3.734604602529484e-12	2.650564966070472e-11	1.7038017984601538e-10	9.919841530151238e-10	5.231615144994393e-9	2.499537311966021e-8	1.0820045402162493e-7	4.2442670155847174e-7	1.5088471960989186e-6	4.862151591055121e-6	1.4204692421031533e-5	3.763078453797208e-5	9.041913174040391e-5	0.0001971020505495715	0.0003899021731278497	0.0007001434347295111	0.0011416504131672998	0.0016910577276304161	0.0022763859118034614	0.002786117282777187	0.003102033494423809	0.0031437034244885527	0.0029018156373698673	0.002441472708329662	0.001873914457284948	0.0013133317571184088	0.0008413871597206686	0.0004933519954868005	0.00026515100126253775	0.0001308472005720645	5.94158927105119e-5	2.489407984555453e-5	9.659072277201431e-6	3.488816267359634e-6	1.1822932014603462e-6	3.8057291511785146e-7	1.18667465707136e-7	3.690893063568573e-8	1.187989612595755e-8	4.084521157627322e-9	1.5128228212226547e-9	5.921164155323751e-10	2.371857309733664e-10	9.447212702011636e-11	3.6670781162188456e-11	1.3696957894471825e-11	4.883494443695762e-12	1.6531463855825788e-12	5.29360773222773e-13	1.6002881666264287e-13	4.5787307283360104e-14	1.262768574680367e-14	3.5916461184472194e-15	1.2437069640670136e-15	6.296120882765911e-16	4.50977776649791e-16	3.826288657679565e-16	3.36147910778092e-16	2.849112640281361e-16	2.283545256531446e-16	1.7289889199695423e-16	1.244676587563489e-16	8.278719365375126e-17	4.6383374307993795e-17	1.623634457125365e-17
2.6297904397193426e-12	1.8648905219654926e-11	1.1976390345085804e-10	6.965447263823656e-10	3.669073870604408e-9	1.7506082591433964e-8	7.566448673411484e-8	2.9628952842065276e-7	1.0512779495594963e-6	3.380320206826146e-6	9.851579902801703e-6	2.6027826214100204e-5	6.23502861313643e-5	0.00013545699136939085	0.0002669507292585716	0.0004773571579245635	0.0007747603341976563	0.001141685639015549	0.001528062120025784	0.0018583584583269203	0.002054526562005107	0.0020659111173567044	0.0018905163740742074	0.0015754380399479833	0.0011964499113170399	0.0008287511048874615	0.0005240913194867944	0.0003029178070477192	0.00016022919524818493	7.76837060618587e-5	3.458692862005185e-5	1.4175213512554132e-5	5.364955199792132e-6	1.8835120510692935e-6	6.17526716704619e-7	1.9109602734443157e-7	5.678885955420866e-8	1.6652126039368543e-8	5.000808687433558e-9	1.5972356750822334e-9	5.525799595621143e-10	2.0441972584217548e-10	7.828884741664327e-11	3.0052353969676106e-11	1.1296843002224136e-11	4.098371947633741e-12	1.4222890018020039e-12	4.695728476877182e-13	1.470696961321363e-13	4.378657379115922e-14	1.2615437992505959e-14	3.756972301875213e-15	1.3533827075545636e-15	6.946078866446316e-16	4.916066715605462e-16	4.151500256990329e-16	3.717115621019644e-16	3.281707893908898e-16	2.750680936461495e-16	2.1829725522405774e-16	1.6504367271189575e-16	1.1924086611534278e-16	7.981344732557011e-17	4.468917847307379e-17	1.5478658048879633e-17
1.6756306381315364e-12	1.1873417044225842e-11	7.618521850700544e-11	4.426564920437525e-10	2.329122805209906e-9	1.1098956426976024e-8	4.790437708100533e-8	1.8729015705524872e-7	6.633604453607012e-7	2.128788303118464e-6	6.190460494077842e-6	1.6314991613268263e-5	3.8976004786216814e-5	8.44181189447134e-5	0.00016580299403662563	0.00029537118192484986	0.0004773919985721798	0.0007002265285779981	0.0009323911317476587	0.0011274832657668355	0.0012386524497780603	0.0012368373727961839	0.0011231051859032582	0.0009279450677983929	0.0006980724889087103	0.00047849426010323934	0.00029910204198480033	0.00017066893291375096	8.899805363631734e-5	4.24708182298428e-5	1.8578360075020494e-5	7.465180121431224e-6	2.7630355215109087e-6	9.456136352545208e-7	3.00955519405266e-7	8.988298691640934e-8	2.5568442276666328e-8	7.097901278316479e-9	1.9933575765151925e-9	5.90576585433908e-10	1.899292660458575e-10	6.605697582212536e-11	2.409733535802173e-11	8.897166458736745e-12	3.23627444776841e-12	1.1403141382688175e-12	3.854390165590105e-13	1.2437780798898373e-13	3.837543834387975e-14	1.1536239656478866e-14	3.619214595506864e-15	1.382857184640072e-15	7.391646416953725e-16	5.268810620263779e-16	4.427866372341681e-16	4.0042618432366416e-16	3.637753170423258e-16	3.1766856708157847e-16	2.6273945363369287e-16	2.0659063862316867e-16	1.5587653643282033e-16	1.1296582038680279e-16	7.577153839995231e-17	4.238635086245492e-17	1.448169415209079e-17
9.660721782045476e-13	6.840637182535827e-12	4.385724153369893e-11	2.5459073011338727e-10	1.3382086412855224e-9	6.36963611958607e-9	2.7456702678952553e-8	1.071919811103796e-7	3.7905103890295767e-7	1.2142286184263917e-6	3.5238842539002666e-6	9.266547033154618e-6	2.208271589726388e-5	4.76974942721485e-5	9.33953964236793e-5	0.000165817171009109	0.00026699620227919825	0.00038999680739956646	0.0005169149920153795	0.0006218929625331615	0.0006793655730467531	0.0006741471857143378	0.0006079431032745833	0.0004984792774013634	0.00037183958351927045	0.00025250593001184475	0.00015621391006647673	8.812019885819894e-5	4.5370956537491454e-5	2.1347570183680287e-5	9.192201950867009e-6	3.628960915570621e-6	1.316642869985593e-6	4.404502978391285e-7	1.3650777855317793e-7	3.949434869852974e-8	1.0801335376946352e-8	2.8518970814001916e-9	7.515485356533145e-10	2.0649634779379245e-10	6.144592407906954e-11	1.9963489125104162e-11	6.901914797461354e-12	2.4441504467516832e-12	8.593435896821668e-13	2.9418135864922807e-13	9.709512452343051e-14	3.0898873966095857e-14	9.68417025350684e-15	3.225869195779183e-15	1.3336810300050823e-15	7.616432246673474e-16	5.565446991431129e-16	4.674230132234323e-16	4.2413411106033743e-16	3.9272281326734535e-16	3.5446859836689954e-16	3.045096536763644e-16	2.4892332525629583e-16	1.9485401836998486e-16	1.4722818269434312e-16	1.0731722202122611e-16	7.22615763212461e-17	4.0151156269537796e-17	1.349155389058792e-17
5.039752783651258e-13	3.566219921746974e-12	2.284690328298297e-11	1.325142994087584e-10	6.958788846524314e-10	3.3087586722188555e-9	1.424575563534399e-8	5.554265057864393e-8	1.961208478902431e-7	6.272148032971682e-7	1.8169710009489234e-6	4.768344420265371e-6	1.133781883714694e-5	2.4428358997032125e-5	4.770123194504265e-5	8.443275409078715e-5	0.00013549485656440968	0.00019717853412286652	0.0002602718894317349	0.00031170547498815375	0.00033880088580780655	0.00033433187079420063	0.0002996495633845993	0.00024403042666653932	0.00018067025480325712	0.00012167190036365948	7.458305940615994e-5	4.164532992197406e-5	2.120089070162786e-5	9.850546649034274e-6	4.182509024487007e-6	1.6254341036128305e-6	5.79352514112981e-7	1.8991569026328164e-7	5.748681114283746e-8	1.6168924725187046e-8	4.269736254391794e-9	1.0775369007518572e-9	2.676579303490863e-10	6.830285967729246e-11	1.873537036163736e-11	5.645809252278889e-12	1.838044851707735e-12	6.220215822253557e-13	2.1123408407212412e-13	7.046427896151073e-14	2.298676901323378e-14	7.516417689881272e-15	2.6909030809400736e-15	1.2291117170349458e-15	7.626720285362858e-16	5.782680019357285e-16	4.889191298123886e-16	4.4391828802781947e-16	4.1651570696199306e-16	3.8517546865661855e-16	3.418869823936237e-16	2.889098139802544e-16	2.3379978744730677e-16	1.8216158172259969e-16	1.3808747256827868e-16	1.0133756248068699e-16	6.82348500363261e-17	3.7592091070670584e-17	1.2379520902122025e-17
2.3788752900944297e-13	1.6823013067609524e-12	1.0770103700260249e-11	6.241882978620847e-11	3.274967511497406e-10	1.555661091247193e-9	6.6905788154891355e-9	2.6054341268151807e-8	9.187436164370432e-8	2.9338641542428995e-7	8.485053337195947e-7	2.222695086940277e-6	5.274273461204948e-6	1.133848462971742e-5	2.2085911945611494e-5	3.898601638301364e-5	6.237472648007962e-5	9.046833638193484e-5	0.0001189774324081799	0.00014191093185035578	0.0001535559161828119	0.00015078136701911581	0.00013440246437965817	0.00010879600389657339	8.001207325710799e-5	5.3487555413786724e-5	3.252030870781226e-5	1.799493856863985e-5	9.069374292985424e-6	4.16710524262204e-6	1.7474384686526145e-6	6.696872143467811e-7	2.3496436295546587e-7	7.564972912751834e-8	2.2425251143509018e-8	6.151969654463374e-9	1.5750496167659507e-9	3.8185008388441185e-10	8.988994353692666e-11	2.1377564999618335e-11	5.3952483666982085e-12	1.4974595456499318e-12	4.556959890164137e-13	1.4684529657558216e-13	4.831053494132745e-14	1.5981517130838327e-14	5.464788500152946e-15	2.140243454376146e-15	1.1036431935172947e-15	7.493744582363125e-16	5.912399617788861e-16	5.056285317862808e-16	4.60479690385558e-16	4.3573971715799005e-16	4.1072287595206254e-16	3.7392509583672947e-16	3.255418834267062e-16	2.71196212955459e-16	2.1717722865391967e-16	1.68399261205242e-16	1.2875430581554993e-16	9.579263109768736e-17	6.450058853379123e-17	3.524418039455444e-17	1.1312720353712902e-17
1.015994018907478e-13	7.180885818695662e-13	4.5942159409648155e-12	2.6606707166495574e-11	1.3948609005076274e-10	6.619849452406733e-10	2.844218835318146e-9	1.1063650407816511e-8	3.8965479373382654e-8	1.242614382906695e-7	3.5883890017593656e-7	9.384372846985188e-7	2.2227655388100585e-6	4.7688050787468755e-6	9.268367371418732e-6	1.6320406152303483e-5	2.6040893950961922e-5	3.7657276790992696e-5	4.936165305250192e-5	5.86634887103926e-5	6.322436952336775e-5	6.180926874380091e-5	5.482822910285631e-5	4.4145122564582315e-5	3.227421743556091e-5	2.1434509680492782e-5	1.2938229027321067e-5	7.102189634216704e-6	3.5478109280302035e-6	1.6140870529259666e-6	6.694347145590203e-7	2.5340480875308863e-7	8.767845127347119e-8	2.7784121106614662e-8	8.085823182195629e-9	2.170098291694913e-9	5.407419973637723e-10	1.2656498635348056e-10	2.8405347845707802e-11	6.3292638598740855e-12	1.4711374902783532e-12	3.741303480138394e-13	1.0576299354122283e-13	3.252340604426902e-14	1.0640387195303921e-14	3.8111768932947954e-15	1.6699207762408606e-15	9.851144671796834e-16	7.288030996685952e-16	5.969485255339488e-16	5.177491567625293e-16	4.746141641298097e-16	4.521426274990115e-16	4.322024794330593e-16	4.0146266102194986e-16	3.581075666227247e-16	3.0674555011610733e-16	2.521661744367493e-16	1.996404159618314e-16	1.5501451499960343e-16	1.2049524837750575e-16	9.054987094380472e-17	6.089711528291075e-17	3.282242501027973e-17	1.025906777621403e-17
3.926039605275701e-14	2.773478976995989e-13	1.7733541192243615e-12	1.0263147696131938e-11	5.3764317047981556e-11	2.549472427012199e-10	1.0943744637780823e-9	4.252656208541034e-9	1.4960805540072943e-8	4.765126120005337e-8	1.374187001648358e-7	3.58839214028159e-7	8.485372486061336e-7	1.8171776849753062e-6	3.5247033622761057e-6	6.192913033892664e-6	9.857553769784103e-6	1.4216949252222534e-5	1.8581286228046687e-5	2.201177188052705e-5	2.363914998468687e-5	2.302001055991809e-5	2.0332385278172597e-5	1.629325468566258e-5	1.1849753970248654e-5	7.824540726881812e-6	4.692963108515925e-6	2.557964782847429e-6	1.2678204194544484e-6	5.717927775326832e-7	2.348539216515817e-7	8.793752562843395e-8	3.005509162696379e-8	9.39175134868629e-9	2.6893496506473717e-9	7.080697551309003e-10	1.7232674876101097e-10	3.912477244167183e-11	8.423756337208497e-12	1.7709073736701665e-12	3.808951872494376e-13	8.878350285991478e-14	2.3432617811187644e-14	7.157272114446331e-15	2.6562558562551624e-15	1.3209056252954716e-15	8.878030708957815e-16	7.056475438967736e-16	5.965020176882974e-16	5.247169045591516e-16	4.851925635443699e-16	4.662546506055127e-16	4.497908268733866e-16	4.2350911430271925e-16	3.846559305965711e-16	3.369747583238625e-16	2.839203152404131e-16	2.2938837612620087e-16	1.8047617671457054e-16	1.4280389135683643e-16	1.1373377345822612e-16	8.597952176473694e-17	5.730225837263302e-17	3.0272725267663715e-17	9.175262080577243e-18
1.3725517477679035e-14	9.692547980915606e-14	6.193946102451535e-13	3.582422648474996e-12	1.8753701334984264e-11	8.886060857177299e-11	3.8111602007397127e-10	1.4796085156169753e-9	5.199917270906231e-9	1.6543473006421145e-8	4.764977141326209e-8	1.2425817665579946e-7	2.9339218793836105e-7	6.272845395892096e-7	1.214535650384607e-6	2.1297440891487156e-6	3.3826971948245955e-6	4.8671013631226075e-6	6.344669203490176e-6	7.494563203123713e-6	8.023402662753403e-6	7.786314690656418e-6	6.851160087385357e-6	5.467214158104397e-6	3.957895762086861e-6	2.6001807862819087e-6	1.5507784592084346e-6	8.400299966878883e-7	4.134868510324257e-7	1.8505990895155133e-7	7.536298310820849e-8	2.7949611847756304e-8	9.450030172537193e-9	2.9169695388694084e-9	8.235399765323988e-10	2.1323746329122025e-10	5.0850493522745355e-11	1.1247818642889358e-11	2.337597692866147e-12	4.675603366090748e-13	9.403674262904083e-14	2.045813962475056e-14	5.37476753556277e-15	1.9714113651743682e-15	1.094389913842362e-15	8.147615987430453e-16	6.803061221720127e-16	5.887433791493295e-16	5.266034595328711e-16	4.928643292269931e-16	4.780613703781656e-16	4.657721216468223e-16	4.430962747487275e-16	4.0774859837901856e-16	3.6198524613727445e-16	3.114004790689993e-16	2.5609581811853723e-16	2.0457607765413549e-16	1.6320052210218472e-16	1.3388025298410197e-16	1.0894223637946799e-16	8.15741776039867e-17	5.308725260600793e-17	2.776059541289714e-17	8.07041992068902e-18
4.339835273803749e-15	3.064745177418582e-14	1.9576031454966477e-13	1.13155359661644e-12	5.9197249583923234e-12	2.8029434572791825e-11	1.2012222991213414e-10	4.659524605167936e-10	1.636003915283104e-9	5.199589388902316e-9	1.4959445823154554e-8	3.896242877934501e-8	9.187254822995517e-8	1.9613861235803606e-7	3.791490819192131e-7	6.636858238521783e-7	1.0521104628870943e-6	1.510609619754761e-6	1.9646581753954903e-6	2.3148563405413884e-6	2.4713227526629455e-6	2.390991930529163e-6	2.0967896736790868e-6	1.6670792863582144e-6	1.2019662498535877e-6	7.861197566358855e-7	4.6654117999789463e-7	2.513406455405151e-7	1.229703637893748e-7	5.466757663432569e-8	2.2096286374516137e-8	8.126282104874058e-9	2.721729772379873e-9	8.311569568957309e-10	2.3177976001277828e-10	5.915165300662076e-11	1.3861130467957977e-11	2.9990587180663746e-12	6.053451150569194e-13	1.1645303784191951e-13	2.2469156941782802e-14	4.974785317681921e-15	1.662891018763017e-15	9.63794187888909e-16	7.577688790199046e-16	6.499734320647551e-16	5.731086803954011e-16	5.230861442863542e-16	4.97231451237624e-16	4.87717118889379e-16	4.780322411684503e-16	4.571813636032009e-16	4.244723282658941e-16	3.821457517383854e-16	3.327017655999718e-16	2.783285318710271e-16	2.249348093209662e-16	1.8115839470191876e-16	1.5086085131411957e-16	1.2836622589361238e-16	1.0421800497500583e-16	7.640814695359564e-17	4.889901150376749e-17	2.523046539586431e-17	7.046611826264882e-18
1.2396029784423645e-15	8.766199156686587e-15	5.598368761810426e-14	3.234255194787369e-13	1.6909555789782207e-12	8.001227173336297e-12	3.426516871903991e-11	1.3280982416374765e-10	4.659089336767134e-10	1.4793812538511003e-9	4.25191152047167e-9	1.1061968244766287e-8	2.6052309923554443e-8	5.554565259959975e-8	1.0721892558883049e-7	1.8738786395170228e-7	2.9654814764838577e-7	4.2498379948040585e-7	5.515917354081171e-7	6.484582340910507e-7	6.905935090387048e-7	6.663527157182758e-7	5.826406573851525e-7	4.617386044502639e-7	3.3173091599460705e-7	2.1611223148556263e-7	1.2770320038095852e-7	6.846960273870876e-8	3.3322306638361686e-8	1.4726833741349614e-8	5.913600060030157e-9	2.1589340343880067e-9	7.171486322374403e-10	2.1696260871550572e-10	5.985773206498514e-11	1.5086350108861366e-11	3.4829227762305603e-12	7.399929850637317e-13	1.4614727464420273e-13	2.761956015229959e-14	5.549231454946174e-15	1.6173461566453205e-15	8.920360491499623e-16	7.076670457770786e-16	6.173265841127106e-16	5.551628308734546e-16	5.167621140043007e-16	4.999355134674027e-16	4.9349813885399945e-16	4.851746181332162e-16	4.653255597035428e-16	4.332522419335118e-16	3.9160829358674043e-16	3.447030648362936e-16	2.9276197236642957e-16	2.3973247341793847e-16	1.9484634188389512e-16	1.6419116695392837e-16	1.4363076358958313e-16	1.2285451986764091e-16	9.738469391293439e-17	7.014432939642659e-17	4.4469329953422036e-17	2.2684583614682054e-17	5.990147658982676e-18
3.1832064238684845e-16	2.2658250073300286e-15	1.4486341063726635e-14	8.365190254232086e-14	4.3709696585409853e-13	2.066950562181981e-12	8.845777899140728e-12	3.4261002031818985e-11	1.2009668857792096e-10	3.810140646207129e-10	1.0940677431303633e-9	2.8435241004952332e-9	6.6895606385697275e-9	1.4245812447544004e-8	2.7463098466731347e-8	4.7930436803680874e-8	7.573613784041527e-8	1.083575516438003e-7	1.4038422822199646e-7	1.6471172376786197e-7	1.7503606106029698e-7	1.6849374729361908e-7	1.4694584795650417e-7	1.161237198690422e-7	8.316826452753638e-8	5.3996083922725425e-8	3.1786563411859753e-8	1.6971758082367863e-8	8.221613257584127e-9	3.61495796853702e-9	1.4433255508835059e-9	5.235727113352897e-10	1.7267459980331607e-10	5.1817470794327495e-11	1.4163988458674604e-11	3.531929825105511e-12	8.054437704545681e-13	1.6890222361835474e-13	3.3155038104094524e-14	6.566721728121447e-15	1.7201297251356873e-15	8.52214957290409e-16	6.592637009911833e-16	5.81225381617032e-16	5.338923075050094e-16	5.078201611264961e-16	4.976079039011496e-16	4.934777737737805e-16	4.836836919639601e-16	4.632127881088955e-16	4.3167331530404984e-16	3.912493714240459e-16	3.447342759932952e-16	2.95022699328854e-16	2.4626158822134895e-16	2.0402353332793744e-16	1.7486741275661908e-16	1.561294050214837e-16	1.3810637222364701e-16	1.1533987299464146e-16	8.929418119791287e-17	6.360217740138501e-17	4.023646106998322e-17	2.030490671895644e-17	5.0176139620871664e-18
7.144459991175497e-17	5.256100308807945e-16	3.39178055869821e-15	1.9582606374186516e-14	1.0224680018200039e-13	4.832071414388729e-13	2.0666480645159595e-12	7.999094488666297e-12	2.8019531580206125e-11	8.882498768593727e-11	2.5484456114663235e-10	6.617521416171022e-10	1.5552885913788787e-9	3.3085700249043518e-9	6.370945672820826e-9	1.1105163248363422e-8	1.752386065837697e-8	2.5035036431226178e-8	3.238276842361557e-8	3.792845887347152e-8	4.022954504717437e-8	3.864583971289223e-8	3.362743125523249e-8	2.6508257742855016e-8	1.893377674238339e-8	1.2255870526953593e-8	7.191114165211639e-9	3.825619171115727e-9	1.8458064182388134e-9	8.079699928574382e-10	3.209963056419572e-10	1.1579871456130729e-10	3.7953556002810734e-11	1.1309814566213699e-11	3.067139403575142e-12	7.581843221907431e-13	1.7146445118810578e-13	3.593076757961862e-14	7.375929539968039e-15	1.8433424399605235e-15	8.218478167186729e-16	6.124687285787553e-16	5.456199054449641e-16	5.13976900112511e-16	4.983641806514483e-16	4.917344786151878e-16	4.856103788841816e-16	4.7259637352805e-16	4.482681983564664e-16	4.1515504678686075e-16	3.751236164998864e-16	3.315189881008391e-16	2.864758777561113e-16	2.4237550649182263e-16	2.0577919990753033e-16	1.8017416539713348e-16	1.634543072197669e-16	1.4807793118897657e-16	1.2752479864695105e-16	1.032533298837822e-16	7.914204866630153e-17	5.623050614088742e-17	3.5375737435178946e-17	1.764842114494097e-17	3.9090628937440035e-18
1.138279509483507e-17	1.0396014771212016e-16	7.139053112173055e-16	4.152163147190388e-15	2.165180880653343e-14	1.0223139539495897e-13	4.3696240144366197e-13	1.6902317595803893e-12	5.9167022861687874e-12	1.874339581980675e-11	5.373534692615405e-11	1.3942041314713007e-10	3.2738650904227644e-10	6.957911273631981e-10	1.3384386037134129e-9	2.3304493015611336e-9	3.6730375891451318e-9	5.240605823657981e-9	6.769200000509475e-9	7.916370558239387e-9	8.382728260736065e-9	8.03818060056726e-9	6.980580739656349e-9	5.490876581445612e-9	3.9126468715554474e-9	2.5260957372496177e-9	1.4779535914296643e-9	7.837859028248376e-10	3.7684961922138395e-10	1.6432309156589826e-10	6.500351219976809e-11	2.3337778399437482e-11	7.608278561821106e-12	2.253813429513461e-12	6.073885530002069e-13	1.4934907796825734e-13	3.3858465712600547e-14	7.403081723244242e-15	1.866042259155525e-15	7.832461400512152e-16	5.666520167896897e-16	5.108547020132938e-16	4.890543889166342e-16	4.789452332979928e-16	4.709241532144783e-16	4.598041109830096e-16	4.4082459397859054e-16	4.1506199889068744e-16	3.8185970899491268e-16	3.4391821802442265e-16	3.044600961786648e-16	2.6544485505269043e-16	2.2958676345742953e-16	2.0062959556398066e-16	1.7974646331932265e-16	1.6547829881970606e-16	1.5114579639654917e-16	1.3290923905820622e-16	1.1104632283130733e-16	8.887219857991543e-17	6.8131129238159e-17	4.840499836148925e-17	3.028155287154525e-17	1.4954850829622766e-17	2.8387307688888497e-18
-1.3276652023230023e-18	1.0767563315787614e-17	1.258189989770397e-16	7.928733508970798e-16	4.154643046635002e-15	1.958171612468308e-14	8.361718798756858e-14	3.2323473680727116e-13	1.1307892910625882e-12	3.5798894313826695e-12	1.0256134228776032e-11	2.659081788531099e-11	6.239139972649173e-11	1.3248787640095888e-10	2.5462515622353155e-10	4.429123438998343e-10	6.973414643857383e-10	9.93818315549795e-10	1.2821175800612582e-9	1.4973970736892865e-9	1.5833141677920928e-9	1.5158466689906456e-9	1.3141457287980361e-9	1.0317620908275117e-9	7.336985405424505e-10	4.726282376339168e-10	2.758394432073696e-10	1.4588446656524888e-10	6.993131310439121e-11	3.039163461411208e-11	1.1978083892914372e-11	4.282886918471282e-12	1.390072247081679e-12	4.0994567980966915e-13	1.101457100160406e-13	2.7224665724591797e-14	6.445054941203361e-15	1.7082949283328349e-15	7.13211930249749e-16	5.104059455035666e-16	4.633627091154998e-16	4.46319203239686e-16	4.3543026303997057e-16	4.245730920004197e-16	4.093749566343302e-16	3.8769066734131523e-16	3.6061984510641404e-16	3.2966758774482523e-16	2.9732019712867753e-16	2.649415323323419e-16	2.341891570918264e-16	2.0737900774957208e-16	1.859757356519165e-16	1.7031172267127426e-16	1.577118937404822e-16	1.447557294756986e-16	1.282258399958242e-16	1.096058665311028e-16	9.08380415064874e-17	7.2647021538215e-17	5.560228488739558e-17	3.9358544548137414e-17	2.4758886783370895e-17	1.2076324570822828e-17	1.9316334498485427e-18
-2.5746628675757008e-18	-4.901352223989501e-18	9.464318574907439e-18	1.2583155551777872e-16	7.15890969932971e-16	3.395805365335524e-15	1.44849081844428e-14	5.594742474789973e-14	1.9560116235858802e-13	6.188652138518817e-13	1.771895494257722e-12	4.590912822206445e-12	1.0764318492428937e-11	2.284080688132021e-11	4.386184691819559e-11	7.623039639952756e-11	1.1990922489721856e-10	1.7071821882897146e-10	2.2000487647288733e-10	2.5664637159083034e-10	2.7102968718788655e-10	2.5912528506114457e-10	2.2431095135083794e-10	1.7582490454592476e-10	1.2480922107571155e-10	8.024224475687713e-11	4.67316513013768e-11	2.4657092274762885e-11	1.1789039226883567e-11	5.108828743893629e-12	2.0072518277251213e-12	7.153559490894207e-13	2.314718635252739e-13	6.818894952962141e-14	1.8468186949160806e-14	4.782160361070199e-15	1.3678066102790665e-15	5.900178291415892e-16	4.232195378441342e-16	3.8453790624700224e-16	3.70182004344541e-16	3.585843583186618e-16	3.452661564075572e-16	3.2892773711892335e-16	3.0881679239799693e-16	2.8574452984303873e-16	2.612963058440423e-16	2.3686137132534116e-16	2.1397303434545134e-16	1.92868362843664e-16	1.7479261717205953e-16	1.6001689209293047e-16	1.4779819091087541e-16	1.365052668797893e-16	1.246139934109994e-16	1.108396884603768e-16	9.602222274646089e-17	8.114694279008224e-17	6.724360729084704e-17	5.384645659251001e-17	4.1080479642081297e-17	2.9455713065951947e-17	1.9069382691275533e-17	9.231961725956491e-18	7.593777802134766e-19
-1.5799418398370249e-18	-4.038150767176581e-18	-5.06407391129165e-18	9.634043820391465e-18	1.0255560159862693e-16	5.261969147952514e-16	2.2667985979470778e-15	8.76186462268442e-15	3.062206791528832e-14	9.683578109150623e-14	2.770989060493474e-13	7.175268345076348e-13	1.6813284796059466e-12	3.5652246443527946e-12	6.841512991884077e-12	1.1881229472736768e-11	1.867366545845242e-11	2.6562797933830094e-11	3.4199004866370416e-11	3.985386126290273e-11	4.204064295085581e-11	4.01456278839518e-11	3.470633540768734e-11	2.7165440450881763e-11	1.925320611686215e-11	1.235703920459937e-11	7.182984072475945e-12	3.782147025240342e-12	1.804240002798511e-12	7.799777898551118e-13	3.0569438958305524e-13	1.0872430670942414e-13	3.519049801502348e-14	1.0468784527539632e-14	2.9726945336222246e-15	9.192479104631015e-16	4.093876527467693e-16	2.926425807652468e-16	2.65346285349723e-16	2.5542967960160557e-16	2.4723295593208273e-16	2.372156440564555e-16	2.2533516105421746e-16	2.1159204722761319e-16	1.9672928172069176e-16	1.8148843840261038e-16	1.6658325269698347e-16	1.5263296918704986e-16	1.3996273315056901e-16	1.2849622636953511e-16	1.1837656313060692e-16	1.0898194370479433e-16	9.978839327828487e-17	9.013676654078679e-17	7.976012684810478e-17	6.932689992955584e-17	5.950905096467177e-17	5.0217658024874244e-17	4.143399510334007e-17	3.332206648042594e-17	2.590985750175215e-17	1.9125560704156162e-17	1.2231091592381359e-17	5.01777374198282e-18	-9.896434688686562e-19
-9.635506141793458e-19	-1.5324759896890476e-18	-2.9149953426648573e-18	-1.882926367985736e-18	1.0603737917802322e-17	7.061264743657502e-17	3.1799139424393417e-16	1.2391945767686686e-15	4.337278985516494e-15	1.3716278539220064e-14	3.923617205631545e-14	1.0155115414126521e-13	2.3782958731808314e-13	5.040167134417843e-13	9.665702818818852e-13	1.6774226513511511e-12	2.6344156836310157e-12	3.744316479811821e-12	4.816400831575087e-12	5.607274436458049e-12	5.908531740348545e-12	5.6354395961874416e-12	4.865429801481259e-12	3.802663328239644e-12	2.6906666250335036e-12	1.7237509750093374e-12	9.999459305274271e-13	5.253194039110738e-13	2.499765215019922e-13	1.0778457936008556e-13	4.214595539675492e-14	1.4981359548160395e-14	4.881284501006873e-15	1.5024517439523013e-15	4.847128587088679e-16	2.0854415098505668e-16	1.4087700578177933e-16	1.252800356450077e-16	1.2071904226096422e-16	1.1745294412919085e-16	1.1351766861322414e-16	1.0861236016711971e-16	1.0293129384130217e-16	9.667490354599705e-17	9.015515865974844e-17	8.362079113398289e-17	7.710816964012773e-17	7.110796871265076e-17	6.532373173139397e-17	5.96873483994524e-17	5.419188920718726e-17	4.879705212478904e-17	4.339183488269872e-17	3.798400778541386e-17	3.27816302310204e-17	2.7958269612410536e-17	2.357397352481137e-17	1.9540306804943546e-17	1.5944102328462554e-17	1.2674221647409992e-17	9.579104977216437e-18	6.320192823703014e-18	2.893783714065784e-18	-7.662982818304942e-19	-2.8488814662453607e-18
