d chi logerr
2 10 -2.818306
4 10 -3.038850
6 10 -3.588206
8 10 -4.047802
10 10 -4.451589
12 10 -5.231018
14 10 -5.366075
16 10 -5.646153
18 10 -5.667126
20 10 -5.677219
22 10 -5.676666
24 10 -5.676213
26 10 -5.676311
28 10 -5.676327
30 10 -5.676320
32 10 -5.676320
34 10 -5.676321
36 10 -5.676320
38 10 -5.676320
40 10 -5.676320
42 10 -5.676320
44 10 -5.676320
46 10 -5.676320
48 10 -5.676320
50 10 -5.676320
52 10 -5.676320
54 10 -5.676320
56 10 -5.676320
58 10 -5.676320
60 10 -5.676320
62 10 -5.676320
64 10 -5.676320

2 20 -2.818306
4 20 -3.038850
6 20 -3.588254
8 20 -4.049190
10 20 -4.454178
12 20 -5.253757
14 20 -5.396939
16 20 -6.217747
18 20 -6.518801
20 20 -7.032859
22 20 -7.084464
24 20 -7.087628
26 20 -7.089798
28 20 -7.090042
30 20 -7.089950
32 20 -7.089951
34 20 -7.089954
36 20 -7.089954
38 20 -7.089954
40 20 -7.089954
42 20 -7.089954
44 20 -7.089954
46 20 -7.089954
48 20 -7.089954
50 20 -7.089954
52 20 -7.089954
54 20 -7.089954
56 20 -7.089954
58 20 -7.089954
60 20 -7.089954
62 20 -7.089954
64 20 -7.089954

2 30 -2.818306
4 30 -3.038850
6 30 -3.588254
8 30 -4.049179
10 30 -4.454241
12 30 -5.253638
14 30 -5.396585
16 30 -6.225536
18 30 -6.540642
20 30 -7.306950
22 30 -7.726457
24 30 -8.103400
26 30 -8.224921
28 30 -8.232051
30 30 -8.230899
32 30 -8.230911
34 30 -8.230973
36 30 -8.230967
38 30 -8.230967
40 30 -8.230967
42 30 -8.230967
44 30 -8.230967
46 30 -8.230967
48 30 -8.230967
50 30 -8.230967
52 30 -8.230967
54 30 -8.230967
56 30 -8.230967
58 30 -8.230967
60 30 -8.230967
62 30 -8.230967
64 30 -8.230967

2 40 -2.818306
4 40 -3.038850
6 40 -3.588254
8 40 -4.049179
10 40 -4.454241
12 40 -5.253612
14 40 -5.396539
16 40 -6.225963
18 40 -6.541379
20 40 -7.305889
22 40 -7.737532
24 40 -8.318291
26 40 -9.019119
28 40 -9.162963
30 40 -9.219473
32 40 -9.219803
34 40 -9.220052
36 40 -9.220047
38 40 -9.220046
40 40 -9.220046
42 40 -9.220046
44 40 -9.220046
46 40 -9.220046
48 40 -9.220046
50 40 -9.220046
52 40 -9.220046
54 40 -9.220046
56 40 -9.220046
58 40 -9.220046
60 40 -9.220046
62 40 -9.220046
64 40 -9.220046

2 50 -2.818306
4 50 -3.038850
6 50 -3.588254
8 50 -4.049179
10 50 -4.454241
12 50 -5.253612
14 50 -5.396537
16 50 -6.225964
18 50 -6.541385
20 50 -7.305884
22 50 -7.737675
24 50 -8.322060
26 50 -9.127695
28 50 -9.464596
30 50 -10.074501
32 50 -10.091765
34 50 -10.103222
36 50 -10.103208
38 50 -10.103184
40 50 -10.103191
42 50 -10.103190
44 50 -10.103190
46 50 -10.103190
48 50 -10.103190
50 50 -10.103190
52 50 -10.103190
54 50 -10.103190
56 50 -10.103190
58 50 -10.103190
60 50 -10.103190
62 50 -10.103190
64 50 -10.103190

2 60 -2.818306
4 60 -3.038850
6 60 -3.588254
8 60 -4.049179
10 60 -4.454241
12 60 -5.253612
14 60 -5.396537
16 60 -6.225967
18 60 -6.541390
20 60 -7.305848
22 60 -7.737586
24 60 -8.322518
26 60 -9.131505
28 60 -9.471374
30 60 -10.504723
32 60 -10.674926
34 60 -10.858478
36 60 -10.867179
38 60 -10.867381
40 60 -10.867406
42 60 -10.867407
44 60 -10.867407
46 60 -10.867407
48 60 -10.867407
50 60 -10.867407
52 60 -10.867407
54 60 -10.867407
56 60 -10.867407
58 60 -10.867407
60 60 -10.867407
62 60 -10.867407
64 60 -10.867407

2 70 -2.818306
4 70 -3.038850
6 70 -3.588254
8 70 -4.049179
10 70 -4.454241
12 70 -5.253612
14 70 -5.396537
16 70 -6.225967
18 70 -6.541390
20 70 -7.305849
22 70 -7.737589
24 70 -8.322507
26 70 -9.131530
28 70 -9.471858
30 70 -10.547562
32 70 -10.783264
34 70 -11.430293
36 70 -11.593579
38 70 -11.598471
40 70 -11.599394
42 70 -11.599396
44 70 -11.599396
46 70 -11.599396
48 70 -11.599396
50 70 -11.599396
52 70 -11.599396
54 70 -11.599396
56 70 -11.599396
58 70 -11.599396
60 70 -11.599396
62 70 -11.599396
64 70 -11.599396

2 80 -2.818306
4 80 -3.038850
6 80 -3.588254
8 80 -4.049179
10 80 -4.454241
12 80 -5.253612
14 80 -5.396537
16 80 -6.225967
18 80 -6.541390
20 80 -7.305849
22 80 -7.737588
24 80 -8.322512
26 80 -9.131551
28 80 -9.471810
30 80 -10.549499
32 80 -10.788937
34 80 -11.552901
36 80 -12.173593
38 80 -12.265956
40 80 -12.285014
42 80 -12.285101
44 80 -12.285111
46 80 -12.285112
48 80 -12.285112
50 80 -12.285112
52 80 -12.285112
54 80 -12.285112
56 80 -12.285113
58 80 -12.285112
60 80 -12.285112
62 80 -12.285112
64 80 -12.285112

2 90 -2.818306
4 90 -3.038850
6 90 -3.588254
8 90 -4.049179
10 90 -4.454241
12 90 -5.253612
14 90 -5.396537
16 90 -6.225967
18 90 -6.541390
20 90 -7.305849
22 90 -7.737588
24 90 -8.322514
26 90 -9.131556
28 90 -9.471795
30 90 -10.549645
32 90 -10.789347
34 90 -11.559153
36 90 -12.349186
38 90 -12.690366
40 90 -12.878202
42 90 -12.879664
44 90 -12.879879
46 90 -12.879890
48 90 -12.879890
50 90 -12.879890
52 90 -12.879890
54 90 -12.879889
56 90 -12.879891
58 90 -12.879890
60 90 -12.879889
62 90 -12.879889
64 90 -12.879890
